5000 10000
2020 4774
3381 4664
4922 4953
3816 4976
650 3297
1998 4214
3060 3515
4913 4950
2516 4789
3820 4468
3826 3959
2235 3128
1972 2379
1123 4555
4951 4972
4999 5000
739 3342
3722 4235
2373 3422
2871 3517
3144 4701
2027 4607
2069 2194
411 2133
557 805
3161 3920
1580 2542
2790 3291
1925 2359
3124 4421
3235 4839
1935 3236
1337 2962
4537 4656
272 4415
1133 1242
1242 4798
3961 4932
1406 3020
303 2078
2718 4928
4842 4861
2898 3813
2686 3035
2114 4681
3845 4974
526 4212
1473 3616
3855 4235
379 3185
2177 4681
4169 4819
1882 2717
1368 2073
4140 4462
3761 4276
1438 3031
1203 1923
2553 4421
4563 4670
3073 4790
2864 2906
4459 4649
3559 4153
2733 2933
1595 4966
4827 4954
356 2565
449 3783
3503 3513
4043 4069
4005 4818
763 4908
2648 3612
4570 4912
3056 4721
1350 2190
874 2634
2623 3255
4015 4203
2267 4927
3500 4559
1510 3463
2017 4656
1508 4553
1969 3402
4131 4681
1033 3541
4678 4709
2710 4031
4912 4956
3799 4141
949 3436
1306 4980
2657 2780
2289 3039
3857 4470
399 664
1339 3167
4092 4335
3754 4875
1491 4683
2154 2358
4666 4923
110 513
2373 3493
4933 4965
4454 4999
373 4226
2228 3051
944 4599
3980 4058
223 2025
1678 3828
2733 2851
797 3706
3321 3796
3721 4461
2301 3707
4598 4993
3881 4886
1664 2322
3136 3881
4724 4953
4308 4717
1536 3334
1369 3314
1611 2856
151 1217
3414 4582
1894 2885
969 2546
1408 1910
1833 4453
3624 4286
4550 4581
4798 4911
1516 3066
1610 4725
4349 4892
3815 3971
2136 2857
2464 4508
4292 4798
3938 4139
293 659
4492 4730
4815 4919
1921 4379
1550 4721
3336 4208
541 4130
1538 3322
2719 4044
3620 4312
2279 3035
521 1868
3858 4816
2137 3933
693 2478
1912 2133
621 1825
177 2406
1370 3419
4585 4608
3157 4428
1341 3161
4283 4795
3149 4006
2340 3914
1500 3601
1581 4514
3608 4826
4331 4429
250 4925
1541 4347
3443 3576
1064 4470
2416 2890
2088 3909
963 2400
91 2802
4954 4991
2173 3550
910 2574
4186 4821
2743 2989
4942 4981
2663 4692
862 1844
1968 2851
4986 4990
3379 3388
2711 3066
3170 3601
840 4049
1270 2681
1730 4361
2311 3910
4241 4752
4583 4752
207 3102
3572 4214
4132 4793
2512 3130
544 917
4221 4527
2248 2439
3208 4283
3581 3748
3417 3892
4205 4671
2881 4987
250 498
3385 4962
4062 4316
3605 4905
597 1067
3460 4047
2948 4761
4325 4416
2101 4354
1830 2401
2336 4135
2107 2837
500 1609
3815 4909
1854 2286
1825 3916
3477 4399
2933 4179
571 4229
1031 1567
3116 4105
4188 4539
1675 3291
4486 4688
3344 3811
3418 4970
1384 2552
588 3092
4708 4948
3560 3805
4051 4720
1314 3651
3178 4641
715 1058
677 4578
2003 3012
3749 4497
2857 3342
2820 3600
4958 4999
1394 2188
1684 3427
354 3092
2807 4378
4180 4608
4778 4968
993 1805
3372 4121
830 1342
3127 4348
1427 4746
2353 2834
2791 3965
139 2900
3679 4711
651 2725
745 835
1688 1954
1128 2856
39 3254
558 1573
872 3159
818 2050
2159 3862
2525 3441
3951 4962
2388 3140
2801 2897
1118 3958
3302 3682
2688 3989
1060 1406
3791 3825
606 3100
3602 3631
4491 4676
1484 3604
2312 4041
3539 4522
1530 2869
437 4592
90 3739
2439 4455
3045 4353
4446 4612
2648 4648
4607 4959
4809 4927
4079 4836
1242 1841
719 4919
2624 4820
691 4646
3380 3946
1807 3984
2268 3641
3929 4975
462 1543
1413 4023
3432 3507
3081 4269
2406 2987
3651 4062
4511 4618
1529 4969
4644 4942
2958 4472
4251 4335
1933 3231
1048 1543
2379 4305
3860 3955
2606 4536
1154 4317
898 3205
4038 4763
1597 4657
4683 4984
4742 4874
1575 3761
3483 4384
1677 3654
2813 4464
4348 4806
156 4481
4705 4813
3189 4712
3895 4288
725 2113
95 2550
730 4246
3443 3565
3591 4537
522 4538
3038 3247
3675 4064
347 3999
23 449
3017 3721
3052 4542
3458 4541
1945 4552
4813 4967
4390 4486
4579 4857
2698 3916
868 4976
4239 4991
2680 4112
3107 3862
198 2844
3400 4515
1373 3579
1624 1651
403 3343
1715 2562
633 4035
4249 4954
3818 3895
2283 2432
2362 2765
1268 1348
1853 3806
4364 4794
2264 4978
4224 4721
4042 4356
3928 4208
4371 4649
536 821
4322 4480
4183 4427
4278 4881
4075 4615
2872 4395
3833 4961
1334 4961
796 4589
870 1344
2659 2939
3614 4695
3800 3940
3479 4261
3064 4290
3034 4117
3645 4275
2607 3933
2660 3654
2410 2806
4186 4469
124 1929
2504 4265
2949 4028
1289 1883
3222 4211
1066 3916
4412 4983
3094 3981
3159 4138
4543 4765
1489 3089
1791 4809
2006 3556
1961 2247
3329 4941
635 2273
3016 3292
3099 4312
643 2403
3896 4143
2401 2487
4664 4809
2230 2721
4630 4855
4501 4572
2393 2977
439 2713
1492 3500
4677 4811
285 737
803 2928
1938 2501
4040 4597
53 671
3393 4469
532 1836
431 3967
1595 3677
1769 4693
2094 3290
1701 3074
4067 4112
1754 3287
4957 4963
2867 4705
2430 4625
4528 4677
4062 4950
4127 4995
2597 3798
2937 4246
2625 3357
4698 4744
4032 4763
1964 4344
3184 3858
2975 4300
3099 4347
2453 3951
1092 2764
3213 3505
3702 4057
74 1522
1652 4354
2553 4688
2133 4320
1832 4370
2244 4883
4239 4481
814 2719
1153 3272
2594 4101
3367 3941
4988 4989
439 4679
1674 3932
4646 4977
2221 4916
3051 3992
3668 3727
2782 4604
1138 4916
4029 4825
2075 3568
2207 4200
3787 4316
1358 4710
1285 1966
3666 4753
4779 4959
147 632
3208 4171
1450 4266
3868 4808
4954 4969
351 4954
622 1473
4643 4733
1433 2718
4222 4903
1436 3470
4901 4962
646 3763
2076 3140
2843 3454
231 2205
4921 4977
2168 4249
2062 3708
2471 4741
1672 4772
433 2063
4895 4951
3094 4639
3568 3934
908 3273
2576 2639
1755 2859
563 3082
797 4734
3090 3449
1973 3851
154 612
3105 4088
3519 3686
463 2093
2968 4865
2662 4542
3359 3691
4438 4898
165 4123
2521 2964
531 882
643 2953
4299 4990
2893 4394
2344 2724
1414 4768
1215 3399
2011 4811
2675 3931
2691 4447
1528 4276
2765 4704
122 4210
2596 4857
4334 4967
2148 4578
2063 2568
2265 2714
3805 4356
2307 4413
1036 2735
2906 3999
2580 3444
3418 4011
1324 3138
4059 4765
778 4094
4865 4912
1363 3562
382 823
1515 4747
3285 4177
3955 4867
2347 4542
4242 4751
1798 2604
1989 3440
1270 4153
520 4564
4723 4946
289 1026
2178 3468
3754 4308
2213 3406
2784 4663
3857 4318
3035 3895
1263 4532
3718 4659
2157 2759
1173 3499
400 2081
4086 4964
1347 3871
3249 3563
1691 2003
4303 4843
1912 3992
798 3963
1659 3262
673 4224
4798 4942
2657 3760
622 2492
4011 4837
2309 3905
4632 4729
4524 4897
1802 2641
4393 4475
3079 3494
285 1169
4821 4946
1382 4580
4440 4978
171 2947
1231 4414
3312 4628
3434 4506
346 430
2908 2976
383 1160
3365 4198
4186 4930
864 2217
4282 4930
4925 4945
1502 2127
4955 4965
2151 4162
40 1962
1301 1875
1770 4583
2044 4735
3528 3553
137 3824
2393 4856
4859 4990
827 1654
2028 4697
735 3551
2289 4831
1522 3554
852 2518
3581 4711
2294 3075
694 4296
177 3759
4670 4730
1978 4949
4938 4960
2810 3856
567 1741
2832 4036
1388 1682
2081 2125
2966 4184
4208 4982
1483 2446
1695 3383
644 1729
78 3402
3013 4957
3684 4852
828 4926
648 2979
2632 3574
2706 3258
1605 3004
4849 4924
757 2181
1168 2105
2822 3759
4440 4729
3599 4631
1080 4805
1231 2455
1633 4592
2583 3846
1003 4743
1907 2265
1358 4239
3562 3602
2690 3411
684 3179
3917 4781
1255 3650
3181 4792
90 2487
1139 4502
1423 4056
1549 1880
2768 3309
1006 4635
846 4817
3692 4246
3289 3719
417 4024
2104 2621
896 3944
3435 3777
3882 4176
2596 4731
2003 4834
512 1555
2507 2959
4203 4943
4798 4944
3024 4356
1492 2527
5 2562
4023 4917
2771 4462
651 1954
2081 3480
1506 3521
1505 2056
3138 4437
4668 4934
2487 2968
4687 4695
355 857
134 1056
2272 3088
1909 4237
4670 4950
444 3566
2751 3175
3534 3775
1581 2404
1468 2329
1420 2075
4349 4563
2571 3526
4110 4378
4884 4989
4994 4995
655 4755
1669 4396
3414 3527
3755 3925
3604 4569
147 4095
2943 3859
79 4782
645 2641
2335 4181
3917 4721
4249 4784
2379 3862
4873 4949
3011 4981
3585 3948
4037 4140
275 2352
1522 3270
4871 4964
4671 4810
3563 4512
4655 4722
2816 3441
2778 3729
3580 4958
4581 4703
4422 4939
2477 4671
2616 4156
4912 4969
1894 3473
424 2219
3688 4960
4852 4934
429 2925
3104 4554
4242 4796
4600 4870
310 3253
1643 2387
4854 4901
1964 3790
1941 4250
2263 2398
271 1583
140 2737
3988 4345
4604 4929
3763 4259
2309 3929
1409 1819
2696 4374
3729 4894
4747 4938
2837 3332
3211 3790
3416 3607
2753 3285
3628 4315
3680 4890
423 439
2959 3559
420 1886
760 2520
286 4355
3404 4319
4918 4970
3229 3820
3849 4524
3034 4856
1186 3112
2693 2911
750 4382
3645 3900
1150 2298
2699 3937
1745 2189
628 3575
3647 4193
2616 4432
984 3243
3696 4611
4708 4967
4162 4910
4019 4862
1655 2896
2951 3508
3449 3557
802 4554
154 3979
3563 4157
3347 3452
2369 4981
567 712
2550 3997
1431 2881
3627 4156
1548 4301
633 1316
1097 3547
2772 4235
448 1783
2356 3724
4286 4717
4055 4936
3041 3256
1815 1827
4644 4695
272 2960
740 4379
2662 4330
2652 3929
4524 4958
2235 2723
3913 4224
115 2396
3784 4821
1465 1791
158 1948
954 1965
1335 1743
2533 4025
4077 4805
3706 4209
3481 4682
918 3102
2409 3518
2725 3653
4354 4939
892 3744
912 4714
4941 4993
1354 2578
301 1717
1995 4939
1966 2878
2049 3325
2550 3784
203 3182
4386 4910
452 4674
4373 4907
3966 4993
3492 3875
2875 4998
588 3342
4624 4918
3357 3852
3558 4543
4025 4084
256 2526
895 2879
4446 4570
4448 4929
2700 2724
996 1786
572 4734
3920 4438
3668 4480
2824 2906
4486 4773
4813 4916
2671 2809
202 3977
916 1384
969 4742
3505 4938
4585 4620
2070 3712
235 362
1460 2238
2116 4777
395 3793
3881 4361
3974 4842
2551 3602
2106 4826
3301 4790
478 2497
4232 4404
4053 4264
1583 4408
1420 4385
3837 4904
4846 4984
931 2785
3628 4167
3475 3865
2284 4420
1107 1541
4655 4949
803 1539
1717 4696
4441 4950
3995 4177
4878 4932
1331 2014
2781 3220
1933 2261
2071 2470
3257 4881
2638 3176
882 2731
2370 2656
503 662
3053 4103
1725 4105
968 1091
3491 4272
571 4706
3703 4490
1886 4141
3791 4350
20 4319
2373 4605
3994 4149
3282 3478
877 2325
368 3421
3828 3853
794 1458
1382 2993
3928 4577
4300 4887
2351 4902
1215 3497
2017 3432
1066 1543
800 2870
3696 4384
616 3662
1115 3870
1160 1954
3200 4754
665 2623
4095 4402
4817 4956
4166 4392
3051 4889
410 1157
4049 4535
4778 4926
3460 3714
1199 2208
2246 4555
1275 3647
180 2096
2717 4753
3942 3989
4331 4634
2540 4626
4136 4513
1633 3543
611 3357
2850 4163
1412 3116
3775 4564
3522 4496
1994 4807
1319 4940
1615 2678
2250 3971
1371 4039
2323 3705
3167 4684
1476 1536
793 3895
2030 3674
1892 3787
4792 4977
610 4381
1694 3142
2441 3191
3253 3934
205 4437
1658 2759
2790 2904
77 641
3653 4385
1731 2932
4394 4727
3112 3390
1420 2557
1116 4742
3863 4826
662 958
3601 4525
3796 4091
1527 1796
1050 1157
4307 4872
3541 3732
2046 4971
1847 4238
3345 4684
3195 3956
3492 3670
2697 3342
4761 4999
4558 4823
756 3146
604 708
1822 4312
2892 4235
64 3914
840 3967
725 4264
4724 4888
176 2771
4590 4698
1135 1999
3518 4474
2892 4752
4046 4397
3871 4156
2702 3479
2191 4373
2528 4328
3112 4911
4235 4783
2186 3234
1308 4553
3346 3988
4258 4662
2009 3366
2956 4697
3251 3812
4683 4842
1995 3872
1654 4046
746 4652
1499 2265
3901 4019
2343 3469
2985 4332
4513 4829
3411 4795
3992 4934
664 1297
4752 4923
1161 4225
3794 3984
3352 4959
3649 4442
3566 4446
3985 4925
1292 4399
1761 2839
2076 3382
2870 4756
2866 3075
160 2527
2624 3258
781 1525
1878 3534
1682 4965
542 732
991 3813
1089 1750
4647 4673
2950 4317
1733 2152
148 3865
591 996
3286 3673
2258 3315
2087 4243
79 736
469 4301
3986 4739
1324 4157
2049 2086
1271 1338
2478 3649
4844 4879
3542 4717
453 3979
1627 3852
2760 2980
4886 4958
4530 4640
987 1820
1905 2297
665 2695
4660 4713
3018 4131
4366 4512
4845 4859
1386 4933
4233 4760
3193 4339
4536 4595
2996 4806
2301 4489
209 1952
1866 4829
662 2782
3280 3785
3880 4732
4149 4900
4055 4699
4818 4975
1898 3273
505 3902
3708 4747
3333 4755
2412 3829
312 3072
1609 4516
136 2588
1494 3768
158 1641
4018 4230
3733 4199
3098 4153
2599 4401
3269 4511
2855 2966
4573 4578
2429 4698
4368 4448
4606 4844
4320 4915
1119 3268
1019 2606
490 2605
4408 4495
1764 2142
3381 3560
3259 3872
1130 3993
1441 1746
3144 3788
2411 3063
2337 3185
1425 2997
2118 2551
2902 3582
4148 4348
4047 4543
3567 4401
2033 3529
2832 4578
1800 2737
4169 4742
3484 4916
4422 4580
4967 4976
3805 4985
3931 3955
820 3543
1954 3307
2980 3561
125 1066
1100 4445
1755 3668
4256 4390
3110 3245
4027 4299
306 2206
4863 4958
2020 3737
3044 3362
4833 4967
3989 4325
2816 4431
1365 2434
184 4235
1494 3665
1368 4881
220 3783
741 1380
1276 2639
712 1900
3615 3775
3011 3594
1490 2459
4908 4929
188 3971
4231 4806
4043 4770
3964 4555
938 4265
3763 4660
4693 4911
1288 1663
2361 4476
2569 4975
4089 4468
894 3012
2322 3266
2931 3339
4119 4893
2644 3071
2368 3868
3185 4011
3444 4763
2224 3358
1974 4366
390 1976
3661 3757
479 4284
1064 3869
438 3397
16 2340
3102 3773
2286 4813
623 2818
1851 3198
1800 4272
1631 4481
3257 4056
1267 2119
2400 3496
830 3788
3330 4476
979 2015
1525 3204
2978 4852
174 2679
497 2835
2868 4625
4450 4704
667 4606
3566 4612
4671 4763
1142 4004
4441 4755
4507 4663
552 4172
4394 4458
2528 2791
378 2887
4500 4682
1441 2564
894 3609
1752 4337
174 4956
3148 3417
425 4727
2848 3784
1181 3173
2543 4150
3216 3373
2288 4968
368 2622
2305 2341
1587 2253
718 4276
2413 3424
4424 4572
2591 4900
2198 3530
2947 3230
2250 3957
2530 2869
1125 1329
4002 4207
4002 4788
3641 3825
3837 4775
2421 3856
1541 2661
664 796
3435 4988
701 2048
220 971
3444 4484
4701 4883
1890 4226
4786 4804
2258 3545
2417 3403
4967 4991
2642 4277
1697 3056
2969 3209
2881 3234
2968 4227
4437 5000
2350 4438
2319 4822
3820 4502
2738 3410
4430 4976
2294 4868
2398 3919
3798 4462
846 2394
3267 4415
3714 4506
971 3440
3523 4687
2041 2774
3868 4433
3687 4720
4102 4107
4548 4993
305 602
1241 4404
870 2407
2006 2851
232 3988
3941 4468
1502 4680
3095 4216
1509 1767
3671 4903
3360 3993
3291 4513
2955 3599
3579 3938
954 3079
2702 4128
4196 4289
2568 2969
834 2764
2793 4944
1880 3393
4095 5000
3262 3922
1200 3499
4243 4860
1192 1849
1277 2077
4240 4395
3022 4806
4667 4933
1509 4593
2405 2901
1547 2141
4587 4646
4559 4902
3800 4269
3951 3989
3561 4189
1479 1493
2125 2251
4116 4410
2957 4579
1506 4856
4277 4778
4804 4814
4886 4938
3490 3560
1228 4018
487 886
706 4545
3619 3880
4992 4994
4140 4516
1279 2553
1505 2445
3729 4653
2702 4261
326 629
2546 3355
1242 3186
2660 3918
2464 4442
2073 3467
2144 4788
1127 3086
4782 4983
3107 3786
4232 4425
3144 4663
2090 3876
1425 4000
3347 4399
3268 4491
2788 4096
1252 2734
1505 1906
2639 2712
2028 4530
3157 4110
144 2720
4598 4725
3066 4249
121 1883
3525 4898
3857 4669
3996 4355
4908 4920
907 2724
204 1203
1595 4954
395 3810
2713 3136
988 2128
1657 2045
3534 3718
4022 4922
1775 2587
4941 4948
3614 4384
4698 4701
345 2521
3313 4637
348 4309
3142 4295
361 2409
2407 2567
827 3723
2806 4980
769 2950
2057 4491
2144 4175
4680 4756
3780 4398
1800 3411
4628 4644
773 1632
4253 4623
80 4443
724 4052
390 416
4257 4917
3309 3446
2568 3514
2787 3754
3595 4400
145 3961
634 4664
1312 3413
4388 4435
4430 4849
3095 3762
3148 3599
2889 4616
3208 3479
3483 4662
396 3370
2763 4376
3332 3410
739 885
1125 4803
3664 4801
450 2624
4439 4609
46 4126
4118 4488
2930 3425
2275 4587
4823 4900
4821 4901
3014 4214
3178 4659
2516 3042
3094 4086
2256 2708
1629 2689
4854 4950
4014 4111
1857 2988
2959 3193
3717 4154
4468 4607
539 3816
736 2965
1080 2376
3376 3774
4787 4925
995 4477
1668 3052
4977 4985
3070 4811
3157 3448
3082 4368
813 2763
911 4097
2849 3199
435 1730
788 914
3326 3583
1349 4973
3616 3879
2159 3484
3767 4725
4070 4175
1647 3083
2909 4987
4109 4578
3657 4827
3181 4414
1948 2033
268 1898
4084 4168
1408 3295
4312 4604
757 2332
2135 2237
1988 2099
4311 4522
1339 1487
1424 1932
2509 4005
3692 4716
4188 4966
4739 4743
663 1252
3943 4047
2487 3593
1428 2397
451 3300
4133 4752
4665 4760
2714 4943
3094 4721
4877 4932
4776 4984
911 960
165 2099
4075 4787
2425 2713
4046 4048
778 884
1988 3323
4233 4444
2618 3691
3324 4855
1587 3048
2839 3263
365 1703
4441 4747
537 1752
4590 4969
2105 3967
2256 3353
3048 3329
2209 2677
3733 4781
4048 4460
2667 3390
4302 4470
3783 4454
2402 2757
2410 3971
4724 4824
4099 4708
1631 2748
165 635
1522 4100
3890 4507
3141 3723
1827 1956
407 2815
1832 2888
1438 3761
3095 3723
3216 3620
287 2699
460 4944
1638 2410
110 3364
1387 1896
3881 4212
4211 4802
3722 4443
4469 4606
2700 4512
3086 3322
4318 4481
2220 3824
4035 4289
4677 4915
291 3155
4026 4195
105 3362
1908 3076
1669 4954
4691 4797
3325 3458
3803 3958
1066 1463
1141 3776
2115 3882
2213 3010
4331 4923
3921 4182
2110 2803
3610 4898
401 4341
4805 4966
4595 4979
530 2305
3100 3125
3465 4239
4249 4806
1053 1838
575 2889
1242 3088
1553 3655
1278 1770
4715 4749
1373 4538
4880 4929
885 3225
1474 3269
3395 4302
2402 3429
1222 4975
3424 4934
4143 4352
1421 3779
2880 3214
1601 2702
3219 4317
1146 4603
4986 4999
3309 4936
213 4343
4528 4917
207 1094
367 1445
873 3299
1932 3097
1553 3137
3353 4738
4138 4782
1832 2745
2281 3339
1488 3651
3950 4738
122 3971
3783 4702
3745 4198
4147 4808
1506 3485
2711 4703
4110 4791
1010 3508
3610 3928
1610 3633
1018 1414
1455 1821
1956 2443
4322 4579
646 647
1454 2256
1796 2035
1501 1878
2434 4349
183 591
476 4248
1582 1760
1147 3184
38 2707
494 2050
1104 1304
182 232
4614 4848
2767 3769
4578 4734
3150 4880
3962 4071
1189 1910
4334 4903
2323 3386
3269 4550
916 1400
3165 4811
137 1356
4847 4970
102 3355
4746 4998
1936 4885
222 2528
3729 4847
745 4587
2568 4591
743 3631
3138 3931
4166 4823
3382 3705
2919 3775
3110 3203
4922 4944
2392 4537
2726 3538
4860 4953
2128 4801
3348 4703
4669 4686
3742 4467
916 3064
2268 3761
4595 4863
922 3071
649 2208
113 4429
1887 3628
1721 2040
1263 2449
3405 4752
3379 4031
910 2590
2180 3135
3685 4985
2839 4509
1849 2506
719 948
3816 4356
3294 4900
4825 4978
4316 4896
718 2106
3193 4975
331 2734
1725 3791
4002 4027
938 2021
509 3630
3622 4884
4305 4746
3739 4618
1775 4648
1232 3390
1677 2592
1344 2556
917 2901
4104 4486
417 2803
2251 4365
2726 3217
2245 4591
2858 4364
1239 4308
2444 3901
1121 1518
3127 3322
4498 4707
1751 4001
3783 4738
2547 3839
1652 4757
2219 3484
1984 4171
4902 4948
2071 4573
1740 3994
762 1517
3749 4707
3672 4684
3712 4033
4989 4990
3334 4240
1147 4683
2965 5000
17 117
2657 4923
119 617
4031 4438
3978 4083
1462 3590
344 4084
4335 4999
3468 4260
2571 4178
1683 4858
425 436
1981 2185
4849 4977
4932 4969
3803 4255
3126 3305
585 4724
2955 4236
3889 4702
3969 4959
1688 4472
4821 4864
4551 4633
4744 4992
1761 2881
67 3122
3973 4779
2659 3343
3302 4643
4095 4932
468 2565
529 3680
2967 4386
4631 4990
3086 4162
2379 3134
3194 3506
1175 2272
3507 4159
2093 3856
2970 4837
1349 2427
2943 4564
3042 3392
722 3831
3495 4154
1228 4470
745 3603
1676 2837
3833 4361
3321 3810
3846 4605
1068 1364
2294 2346
3881 4803
2972 3906
4664 4738
1310 4028
2181 3803
2394 3032
4124 4952
915 2683
1132 3196
3908 4513
2857 4414
2714 3506
3759 3796
1419 1520
1511 3058
2302 3265
4955 4996
3019 3771
4633 4683
1752 4988
4022 4755
3685 4894
1351 3433
1742 2656
511 4710
1209 3839
3620 4333
4160 4211
740 3449
1182 1356
1369 2160
3726 4367
2763 4815
2743 3269
2531 2856
1294 3465
1269 1618
3069 4601
687 1468
2700 3747
3984 4861
2743 2771
3753 3765
188 3121
2405 2486
4341 4904
4499 4650
3290 3469
4776 4837
4557 4946
1268 1307
2073 4107
4168 4997
4498 4760
475 713
778 1966
3484 4653
102 4319
763 3339
3013 3472
385 4165
3926 4627
4304 4546
2755 3580
887 1611
1601 3164
959 4325
1296 4955
2725 4411
2640 4917
2440 3245
109 4885
1527 2872
2408 3406
996 3712
3169 3369
1925 3834
4991 4996
1942 2849
4550 4760
4369 4536
617 778
2922 3571
4889 4941
4114 4134
3217 5000
998 2345
1002 1392
3697 4974
2722 4071
4304 4322
3017 3872
4026 4127
2390 3134
4542 4582
1888 3417
591 2716
3293 4079
696 742
1553 2743
1316 4831
2374 4400
1787 3487
4633 4943
4050 4518
2124 4937
1515 4226
3136 3523
3829 4727
325 523
877 1268
225 1795
1563 4161
4021 4470
848 1179
1115 4814
979 1915
4452 4487
2767 3939
1794 3310
2774 2890
1924 4555
690 3920
3334 4651
3423 3502
2710 2904
2448 2684
2024 2943
3274 3791
1590 2318
4638 4691
1048 4324
3434 4670
4778 4900
1540 3868
3722 4749
4275 4774
2148 2382
4149 4257
4132 4805
2573 3735
3394 3873
3215 4338
4172 4444
3944 4281
4690 4937
4464 4765
1461 3793
4637 4998
1822 4618
698 3536
1098 1542
3544 4619
1436 1694
3756 4824
4135 4145
1761 4402
2553 3085
4261 4868
4929 4965
1956 4597
1645 3751
584 838
3241 4970
692 4341
1395 1811
180 1091
4409 4754
1705 4147
1131 3377
84 2915
3641 4878
4209 4858
1049 3522
3043 3060
3532 4138
4741 4929
987 2920
44 1936
4751 4945
1967 2905
2999 3671
3502 3566
2946 4067
2632 3412
3580 4821
2998 3557
3421 3574
1463 4558
2160 4475
4056 4537
4664 4925
1242 2774
4987 4996
3055 3262
1773 2925
1062 2545
327 3468
1900 2201
1123 1328
3989 4189
3406 4894
3425 4112
4174 4673
3891 4398
1526 3317
2529 2688
856 1608
2122 4479
4919 4920
2386 2627
798 880
2715 4141
4608 4796
602 805
2633 3023
1987 2699
463 4543
4556 4668
3304 4799
2681 4392
1434 4481
3927 4611
771 4693
2317 3341
3630 4777
1824 2616
4002 4456
340 3490
4117 4510
1015 2454
4780 4847
4096 4193
1082 3656
1484 2356
3903 4224
2509 2628
2594 4087
2593 2653
2786 3976
3341 4482
3040 4662
1012 4886
3812 4235
1724 2134
286 4509
2794 3138
466 4228
3569 3614
884 1049
4278 4467
2738 3530
3052 3764
954 2172
2844 4621
1582 4662
507 683
352 3581
2439 4919
1499 4908
2802 3213
1942 4677
4121 4670
3279 3509
3348 3498
3684 4020
3196 3381
1582 3042
2651 4126
3533 3699
2858 4010
4332 4743
1410 4658
3179 4499
1189 3270
4373 4489
3072 4668
3614 3806
2666 4658
907 4100
3240 4941
229 2108
462 2856
155 1335
3236 3722
2643 3968
4365 4688
1190 4352
1542 1768
832 2401
4869 4997
2679 3648
258 1671
1439 4174
927 1342
1018 2991
1210 3958
2443 2650
1286 4992
3566 4143
3622 4141
2012 2077
3714 3963
3471 3699
3749 3807
751 4359
4859 4997
4506 4636
4474 4779
2555 3322
613 4765
1488 3838
269 2985
3200 4160
3657 4626
1942 2588
3770 4148
1560 2929
4349 4548
2081 2401
321 2369
2105 3619
1370 4167
18 4860
1127 4690
3470 4863
574 4384
701 4402
2377 4832
684 3264
278 4725
591 4051
1282 3704
4286 4402
2072 3499
4606 4898
1028 4289
1410 1486
4246 4439
3909 4418
1744 2562
1393 4418
92 4212
1062 2209
3378 4993
356 2699
3414 3595
3350 3869
3844 4925
4757 4919
4380 4649
1888 3803
1987 4773
4661 4989
3933 4157
759 1299
4921 4956
3571 4337
25 2086
1418 2887
1332 2273
4598 4981
2409 4195
1954 2377
354 1992
1396 3627
1345 4633
3980 4692
900 2238
2667 4582
1903 2700
1264 3174
1083 3052
4718 4748
2211 3723
798 4208
3031 3875
3641 4646
1913 3326
850 2160
4073 4503
403 4434
1636 2315
1726 4740
1931 2904
1714 2693
4049 4684
3851 4365
4972 4999
3082 3682
4384 4719
22 4669
3073 3263
1666 2586
4542 4851
1369 2673
4856 4971
1458 2905
2322 3297
224 1844
3282 4477
4310 4941
189 1888
116 1235
2126 2135
1121 1984
1605 4792
1977 2053
4256 4563
713 2326
3924 4408
354 1638
1798 2237
3327 4275
3767 4988
1182 2838
999 3155
3671 4375
3482 4371
815 4981
1419 2361
4714 4745
1978 3111
1755 2943
4541 4574
3645 4164
4360 4984
23 3431
888 2300
263 556
217 645
2040 4885
1083 1867
2687 3124
4749 4760
3172 4308
1139 1515
507 3263
2720 4078
545 1456
543 1958
4793 4822
4025 4574
2670 3769
3090 3895
2354 2445
3768 4926
2117 4397
3935 4049
1936 4302
3606 4793
3295 4161
2812 4068
4859 4993
1788 4490
4669 4926
2766 3853
3340 3592
2336 2550
4561 4569
2599 3547
638 4930
3246 3390
4638 4740
3066 3898
667 4610
317 1977
4799 4854
2119 3846
4027 4370
4169 4638
2945 4793
566 2288
1605 4445
781 1705
91 1601
1393 4428
562 3938
2460 3873
1841 2261
43 4972
3438 3583
4592 4899
2842 4223
4128 4780
611 4965
664 4389
4119 4891
4060 4202
118 3484
2208 4720
1811 3535
3582 3984
283 1623
558 4820
3195 4307
474 3319
4850 4854
1222 1386
1200 3122
2646 4642
1059 2646
2855 4870
1219 3712
2455 2621
586 4016
472 2225
2411 3668
4757 4992
777 2566
12 1383
2277 3014
4389 4522
1309 1382
2228 4027
497 4375
3777 4934
3568 4522
1983 3188
948 2437
4120 4936
433 2388
4954 4968
1061 1202
3229 3793
1793 4241
3339 3919
960 1440
2900 3263
3756 4771
50 2422
1475 2451
3313 4980
3388 3686
2742 4333
4149 4618
479 3017
14 1158
3082 4281
1146 3167
651 4121
384 3831
1624 4090
1960 3862
2492 3022
195 1496
2183 3347
3338 3796
2080 4285
599 3905
4998 4999
4571 4644
4509 4781
579 1194
183 1425
2652 2831
3065 4219
2612 3047
2242 3093
4580 4623
2067 2302
2574 3053
3530 4224
3973 4731
2918 3952
3806 4421
3509 3519
2950 4798
1120 1780
1454 2075
1303 3052
3364 3371
1033 1375
4247 4457
163 1047
4885 4909
4215 4855
2445 4962
1252 2580
3964 4353
629 1850
3167 3571
2444 3015
2315 2950
1054 4132
2488 3952
3976 4191
1415 1759
3036 3727
1092 1775
3232 3989
3965 4892
3031 3165
4774 4878
1810 2700
3988 4350
503 2373
2612 4283
562 2771
3850 4622
4 3327
1616 4691
2695 3087
1415 1689
4169 4232
2873 4762
2118 3429
3090 4926
4802 4997
4433 4900
3529 3686
4185 4733
4357 4692
2542 4677
1596 1883
4069 4782
4391 4934
697 4139
2953 3795
1616 4075
1205 1208
4323 4637
3203 4550
4596 4801
3429 3748
74 2366
2822 4484
554 2686
11 4901
4943 4954
2067 3459
2084 4804
3071 4970
2703 3213
3073 3352
619 3550
1832 3564
2688 4628
4162 4338
3469 4035
3816 3901
1451 2102
1207 1293
501 3962
2963 3552
3074 4821
1830 4022
1508 4531
2074 2995
3430 4583
3056 3911
3712 4027
702 3968
3337 4154
1699 2524
4510 4967
3443 3732
3621 4295
2639 4339
116 2464
3828 4507
3851 4128
2581 3813
948 4445
2437 3961
4344 4717
4820 4960
4917 4938
499 2639
2148 5000
2403 3944
1338 2220
4111 4172
2597 3762
4959 4975
1981 2895
3219 4744
769 902
1247 1548
2171 3303
3312 3867
3364 3605
4072 4313
2871 3934
651 3537
218 3839
1314 4562
1078 4231
2950 3257
4517 4874
2745 3937
1709 2219
4379 4841
2648 3084
587 4724
153 1244
1116 4393
3653 4977
3845 4074
2994 3381
325 2126
914 2680
1534 4950
2125 4768
799 1922
1491 4254
4154 4274
2716 4114
530 2236
369 2345
3727 4770
3120 4730
1554 3469
4382 4561
587 1631
376 644
2975 4796
448 4134
1366 4761
3489 4063
157 2006
1925 3244
2085 3233
1590 2602
4918 4946
1774 1850
3794 4553
4821 4961
2276 4612
2304 4468
4847 4937
2054 2611
746 1164
1699 2119
4575 4733
3027 4425
3109 4707
2543 2605
1641 1943
3294 4143
1318 3345
4445 4970
3420 4588
1271 2111
1788 2830
4441 4894
2114 3098
3477 4619
1842 1862
1035 1879
405 4754
1691 4771
3067 3886
609 1999
1665 3316
2102 3851
56 1951
2380 2599
809 4561
3598 4819
3493 3534
1912 2453
3161 3254
1809 4767
3924 4119
1025 1027
2160 4489
4485 4492
2341 4262
4806 4952
3652 3997
3554 3682
2197 4691
4732 4734
1643 2275
409 431
4211 4399
2221 3756
1990 4156
925 4527
2010 2162
2928 3560
3388 4522
2559 4858
3224 3308
592 4373
1632 3393
3697 4521
3116 4009
1107 1973
4639 4777
1163 1741
3503 4529
2914 3828
3354 4067
3517 4472
2636 3374
1879 3976
222 228
13 2553
1616 4570
1863 4855
251 1708
1361 1392
4442 4780
2117 2512
3283 4119
4049 4224
3374 3552
1025 1580
3012 3289
3696 4240
3173 3808
1276 4970
541 3397
2549 4502
1695 4366
884 4060
2803 2895
326 4133
2355 3135
3764 4944
388 1070
691 1298
1298 2823
1426 4471
433 4199
1553 3100
646 4418
2023 3177
1312 3621
4160 4414
4305 4928
4169 4245
2329 3040
4206 4656
2396 2952
4533 4857
3808 4034
3875 4309
184 397
1596 4144
2160 4586
693 2277
2132 4445
2684 3702
2224 2657
4481 4918
4650 4907
3293 4974
1390 2257
1937 4518
4797 4952
121 4055
527 2028
4434 4982
2013 2779
4236 4944
1410 4514
2339 4157
1834 3999
1999 4171
1930 2636
1186 3599
3573 4413
4721 4967
3236 3884
490 1757
1683 3138
1393 3456
761 4035
3914 4105
2279 4528
3448 4809
4371 4464
4731 4998
3869 4507
1278 1472
247 3915
3469 4721
1855 2989
3155 3764
3033 4840
1056 4857
4611 4811
2262 2398
3834 4130
4658 4841
1456 1498
3729 4646
600 1687
3476 3670
4009 4750
685 3107
3967 3995
3984 4332
3515 4176
793 3228
4556 4891
2005 3083
4876 4942
3396 3430
788 1660
1013 1034
1723 2646
2860 3662
974 2953
3249 4879
4473 4991
3734 4025
3960 4595
4796 4822
4766 4811
2106 4303
4677 4955
688 2112
2912 4696
4734 4905
1475 2673
1268 3018
109 451
3155 4428
549 3937
1874 2521
2391 3467
1765 4576
3308 4733
4002 4833
2149 4364
1840 3310
868 4473
4039 4177
3305 4940
701 3855
1324 1370
1844 4885
1322 4962
1793 3220
1374 1562
852 3617
1315 2128
766 4052
2394 2409
669 1633
2008 3047
1488 3614
4931 4966
1738 3621
3528 3820
2409 4852
3394 3756
1009 2227
2037 3144
590 1130
3150 4168
503 1584
2322 4658
2897 3254
250 4688
1815 4601
1982 4467
3115 4832
1651 4783
2114 4533
2723 4936
274 4712
1154 1636
877 3199
580 4609
755 952
1800 3096
4593 4741
4872 4916
1197 4935
2327 4625
3676 3695
3935 4627
1105 2186
4948 4990
1321 3041
3681 4320
770 826
3200 3879
3381 4532
194 4734
1083 3984
1117 1663
1764 2412
4455 4468
3681 4076
3139 3788
778 894
1542 3009
2679 4823
1793 3711
3246 4091
1751 1936
3541 4410
3786 4477
1597 2052
720 2897
4826 4920
2425 3130
1404 1420
4245 4324
3150 3996
1361 4634
4656 4857
3290 4109
4077 4864
3353 4035
1172 2171
2648 3691
2086 3260
1437 1904
3520 3742
3034 3965
1651 4172
3049 3933
1312 3481
43 1257
4624 4682
4900 4973
1694 2646
1087 2168
4525 4799
2110 3667
4196 4402
2428 3339
487 2756
2318 2322
4737 4792
4704 4872
1337 2366
2695 4841
2753 3372
3903 4928
4043 4249
2488 4466
4926 4933
2173 3067
3918 4988
2368 3728
2036 4059
4850 4888
4876 4902
622 2065
771 4913
1586 4681
4876 4962
3477 3845
2910 4150
1191 1402
662 876
4142 4496
3242 4601
4654 4758
3671 4463
651 2648
2419 3463
3346 4782
628 1526
3296 3516
1116 3854
3189 3429
1002 1563
1916 4902
2663 3857
2211 2824
2691 4247
1775 2717
1544 2864
2372 3861
2158 3621
3616 4719
4095 4492
2909 3119
4046 4968
3638 4124
1939 4677
1911 3604
2694 3051
3931 4457
1043 4273
517 1165
3261 4453
4143 4202
4452 4688
2189 4784
2974 3720
747 3684
4445 4993
1335 3040
28 4176
111 907
1217 2661
3916 4411
3826 3983
4184 4254
4489 4701
512 2475
2409 4006
3893 4905
4998 5000
4678 4757
873 2573
3851 4128
3368 4171
2779 4223
3684 4094
734 2359
1696 2020
3076 3241
1294 2956
2456 3386
1220 4854
4577 4805
3679 4209
3567 4170
3064 3820
4185 4468
335 386
3134 4044
2954 3789
2476 3642
1895 4882
4248 4942
4532 4716
4963 4979
3147 4316
2507 4634
1226 3031
1850 2985
1263 3688
2910 3390
1015 3430
65 4561
3638 3654
1170 1862
1448 4754
1075 4844
1468 3543
1830 3416
2138 2993
2710 3560
126 222
1175 4666
3896 4562
663 664
4165 4712
897 3892
4883 4997
827 1424
3403 4155
2422 2540
1105 4474
3314 4795
3673 4629
3916 4438
3223 3331
2267 4703
4173 4455
1400 3716
2609 4377
254 819
1895 4255
1036 3047
2508 2887
4048 4545
3593 4045
967 1853
2508 4893
2368 4089
368 1125
3758 4569
4183 4317
2543 4236
2 457
2006 4929
3728 3778
3325 4893
876 2618
3716 4526
3070 3331
3131 3345
2738 4935
906 2140
1214 1791
427 2761
2076 4480
4409 4463
4857 4956
1913 3274
732 3189
1461 1561
4745 4868
3549 4040
71 4163
735 1034
2368 3502
3205 4944
1536 3015
1320 4315
3152 4490
536 2005
460 1316
730 1011
1964 2736
915 1889
2858 4427
588 3304
3838 4743
2881 3750
3175 3860
3893 4759
1131 2606
445 4071
807 1313
2995 4001
226 3144
2554 3320
1565 4259
394 1678
4998 5000
437 2545
4003 4462
4539 4787
4934 4942
2013 3659
1247 1888
3334 3715
328 1962
999 4348
1987 3986
4011 4100
2496 4291
3647 4898
98 1683
4353 4974
3394 4356
3226 4947
960 4521
3450 4721
616 2718
3883 4570
1262 1756
88 2361
3895 4455
3759 4794
4448 4998
2691 4913
4607 4664
2513 2671
3269 3601
1458 4737
145 2026
1753 2690
2453 3048
250 1426
4749 4908
2285 3393
2280 4156
4539 4775
3321 4131
149 521
924 2012
2811 3296
1588 1952
2560 4845
4480 4795
3894 4057
2907 3891
4613 4686
1297 3633
3046 4431
27 4589
1763 4026
1605 4886
3377 4080
1956 2270
1935 2612
1171 4919
1676 2170
4352 4727
531 3066
4456 4896
3354 4706
2837 4573
954 1733
3913 4561
3669 4198
3021 3195
3505 4246
2213 3806
3555 4401
3840 4107
3928 4369
3866 4867
3098 4663
1113 4814
3554 4239
2785 2849
1395 4102
4443 4787
914 4316
428 2891
2563 3372
808 985
722 3131
1000 2278
4523 4575
1488 4695
4122 4272
1156 4644
3178 3670
3697 4308
621 2432
1586 3908
1168 2806
3960 4173
4611 4628
3390 4554
1809 1984
3348 4059
81 2720
540 4793
3985 4710
2748 3104
1243 4097
2522 4357
2244 2592
3555 4964
2768 2848
4662 4684
4803 4868
1520 2917
2830 3893
1882 2256
543 941
2901 3367
749 1832
734 963
4632 4689
429 1284
1972 4438
136 613
2307 3930
2063 4816
4941 4989
4241 4993
1917 3061
1421 3894
3061 3641
4699 4941
3914 4027
2171 4812
3841 4850
1688 2204
4810 4989
2218 3182
771 4604
2658 3071
2366 3870
3765 4216
4389 4902
2725 4684
1791 4154
2062 2155
2118 4234
4721 4730
947 2461
2233 4750
1122 2404
905 3119
1413 3391
4183 4886
3752 3893
2485 2896
4794 4853
772 1259
4660 4853
3623 4831
2410 3549
1848 3091
1732 1943
3416 3739
2920 4854
2421 4971
425 3429
4074 4325
2524 2571
3213 3748
3018 4916
2778 4025
4738 4909
1716 4729
4286 4659
3422 4117
4977 4996
386 4003
1098 2704
170 1907
938 3681
875 2304
2578 3926
2591 3501
3021 4111
3682 4978
319 322
2248 3371
1047 3371
2208 3138
4139 4848
2187 2958
2165 4308
2091 3056
2063 4200
454 3072
4874 4906
1835 3557
2289 4701
1207 2578
3670 3853
824 4376
3809 4112
1210 2408
4372 4931
3607 3787
4653 4750
3232 3513
1137 1774
2077 4485
3137 4274
4163 4416
4774 4944
3709 4461
3740 4445
4583 4762
919 1782
46 2289
3640 4885
1211 4711
540 4725
3615 4667
2593 3501
3119 4642
789 1041
1675 3374
674 2262
4147 4496
4065 4877
1032 1417
2914 4566
3358 3607
4292 4475
848 1555
2809 4173
3244 3259
1061 4395
1951 2005
623 4324
2320 2368
1183 3398
3270 4301
4940 4983
274 1212
4271 4483
2935 4183
1235 1564
1700 3475
1132 4661
2382 4565
1174 2712
2023 4181
4219 4459
1422 3821
4646 4675
3551 4012
4954 4994
1458 3951
892 2399
3752 4786
1451 3184
3892 4149
3160 4430
4470 4552
3479 3682
3562 4490
1934 4530
75 4287
4361 4542
3408 4998
2490 3268
4130 4808
2366 4033
4574 4751
4339 4500
3855 4794
4996 4998
4040 4850
4397 4833
929 2718
133 2873
4419 4681
4732 4870
1290 2045
2740 3709
1496 4706
4844 4934
599 2125
4055 4156
2274 4432
3200 4653
4901 4965
577 3021
4286 4737
294 3603
1369 4181
179 2333
2691 2914
4951 4965
2836 4542
1992 3652
3803 4745
1072 3421
4625 4673
3651 3777
2699 4672
3386 3947
167 1295
3350 3479
3469 4253
103 1554
4304 4867
901 2942
1367 3182
4778 4853
3189 4279
250 3280
2647 4325
268 1009
548 3971
2092 4463
2609 4241
4571 4859
4547 4702
1136 4071
81 4207
3220 3535
1633 2208
2761 3518
4202 4517
3394 3497
4790 4985
1134 4614
1815 2355
1613 2280
433 4328
339 2372
4602 4627
3526 3995
1662 4551
3705 3942
2228 3580
4922 4985
2756 4857
2621 3758
645 2243
1304 4883
1727 3066
557 4881
3775 4187
94 2155
662 4221
4654 4758
3446 4829
296 4593
1316 3864
1271 1889
3194 3240
3593 3751
612 4456
920 3351
4692 4773
4888 4965
3392 4412
4075 4913
2731 3010
4616 4832
3089 3182
447 2562
1228 2567
4384 4386
168 709
4720 4970
2421 4414
2086 4022
962 1465
1251 4845
762 3403
757 1682
2399 3208
1756 4736
2437 2876
3977 4990
4529 4947
4347 4878
917 2751
452 2645
4374 4655
3983 4341
3048 4988
3056 4391
756 2946
4884 4913
2545 3391
2134 3568
3479 4211
3645 4550
2680 3685
873 2938
622 1143
2659 4995
4724 4738
3788 4872
3295 4095
4218 4453
4195 4970
4700 4871
2313 4521
2415 3944
2987 4367
2787 4159
210 1998
2869 4792
4703 4819
4202 4273
1422 2809
3016 3818
29 474
489 2562
3020 3207
2578 4266
3264 4893
4401 4792
1802 2038
3806 3894
2500 3448
2965 3954
188 3483
3393 3489
2675 4787
1779 3828
2061 2672
3589 3987
4348 4928
3329 3841
2434 3240
3888 4338
3119 3751
1554 2601
3101 3688
2401 3012
235 1948
4358 4913
3293 4361
4481 4727
3873 4915
994 3032
841 3311
2896 3148
2254 2632
810 3383
3859 4614
4819 4978
1424 4737
1230 3900
4131 4654
2292 4697
2191 3490
3177 3236
2673 4120
4642 4974
1140 3748
4803 4967
294 3525
140 4035
292 1451
2352 3562
1610 1622
2133 2306
2071 3326
809 1443
4277 4642
3487 4807
3300 4600
2459 4082
4323 4971
3951 4080
2080 2556
1681 4083
4599 4632
2211 3061
558 1460
121 3642
968 1516
760 3035
768 1508
840 3433
4711 4746
1510 4789
3139 4527
293 904
4016 4611
3844 4381
314 4387
1049 1966
278 1951
547 2893
4870 4987
2215 4491
4365 4839
4724 4926
1182 4817
2522 2581
4033 4874
4972 4986
4092 4376
178 2417
1152 4713
3482 3625
4754 4793
501 3047
4831 4959
1135 2953
2612 3352
4298 4853
3368 3961
4068 4102
2768 3084
1589 4118
210 1787
2346 3456
3384 3735
4419 4734
690 2593
3647 4226
1057 2477
3787 3992
1484 2974
1233 1592
1127 3567
3009 3971
3646 4076
707 1123
418 3064
1868 2920
1428 3550
1493 4516
288 1050
4345 4413
2934 2937
149 4962
4272 4959
1090 3450
4367 4791
2300 4102
3230 3396
1827 2474
77 4732
2335 4638
2117 3090
676 3547
3769 3796
3791 4391
4785 4960
2797 4060
3248 3345
203 1267
1341 2014
1488 4990
2083 3899
1230 1472
763 3647
1129 1280
4897 4984
1783 4289
2956 4242
3145 4815
1077 2667
2279 4211
4345 4383
3068 3709
4643 4756
3363 4033
4809 4954
1425 3254
4468 4986
4158 4314
3740 4042
4296 4332
2027 4159
1636 4548
3818 4639
2316 4865
4116 4663
4929 4930
2518 3247
1004 1637
4484 4828
1576 2981
752 2819
251 893
1918 2874
1770 1923
2643 4420
2122 4292
4543 4904
1179 3989
4897 4939
4734 4757
368 1315
3452 4478
906 2882
3950 4243
3935 4179
1690 2106
4475 4523
3199 3736
312 1443
2649 4830
116 3897
579 1204
4675 4709
374 1975
2094 2940
521 4024
794 1220
2438 3714
3594 4899
1327 3112
3898 4388
2543 4818
3936 4126
2916 3878
480 3089
4880 4997
2394 2579
1946 2773
1105 1365
3414 4328
3357 4508
2220 2360
2585 4168
4761 4805
2819 3455
2946 4343
4459 4786
4903 4933
3639 4490
4358 4828
1638 4573
4492 4914
3816 4481
1349 4824
2006 3412
70 2460
1602 4155
2488 2708
2122 4988
784 3007
3232 3443
2323 2421
1948 2205
2443 2933
1125 3591
1479 1499
3072 3595
4055 4769
3193 4991
3754 4312
314 1037
444 1131
2922 4342
2136 2667
2787 3398
1190 4534
3732 4882
2170 3136
3595 4848
2345 3973
893 1167
3006 3938
771 4614
1887 4161
3120 4387
649 1418
1595 2177
1981 2629
2197 3222
3514 4666
1088 3587
3340 3951
427 2353
1190 1697
1662 4158
268 1074
1248 4269
2982 3607
3469 4061
192 4284
3713 4545
4744 4989
2264 3470
1988 4480
3914 4086
2507 3775
4253 4804
467 2167
3365 4158
3767 4212
2669 3370
2066 4267
1001 1937
4194 4253
3005 4226
91 990
3230 3894
1381 2840
2624 4464
4471 4489
3442 3875
3219 4726
384 3028
3380 4504
1971 4953
1148 2926
711 1887
515 2629
3628 4282
882 1474
3884 4909
2863 3921
2973 3230
2653 4510
3490 4429
430 872
1176 2104
1630 2703
3092 4006
322 3955
661 4522
3997 4064
4548 4565
4188 4575
3910 4139
1510 2736
3515 4214
2605 3164
2497 3772
132 4538
3140 4790
3968 4338
753 837
775 2864
2074 4222
2872 3376
1743 2781
525 2440
803 2742
4880 4899
656 3567
1523 3837
4578 4780
3530 4556
4930 4979
1257 4337
3348 4822
40 4720
4212 4470
3722 3902
2959 4494
4292 4553
4481 4633
1974 3503
4753 4902
1470 2191
3019 4945
4163 4885
459 1374
1141 3552
255 2178
521 739
786 2691
4077 4548
3341 3960
761 1551
876 2524
891 2286
3176 3585
4549 4960
2756 4494
811 3638
2265 3834
2518 2548
1178 3135
3644 4796
4898 4968
1789 1945
4722 4798
852 1288
1542 2707
3148 4643
4702 4857
4133 4814
2276 2743
1872 4631
3390 4125
4776 4991
4585 4710
3776 3961
223 2066
4960 4977
1931 4119
4992 4994
2219 2369
194 475
4549 4611
3188 3733
3290 4210
4970 4993
2632 3527
3096 3166
2487 3170
38 3480
4137 4232
1953 4399
1266 2084
1856 2743
4150 4270
3016 3448
594 4024
1510 3074
3828 4344
4817 4957
1830 4665
1174 4487
2013 3362
494 1887
173 4411
3571 4028
3834 4154
2433 3938
4897 4956
3809 4373
2323 4209
2190 3266
2365 2639
4798 4863
3990 4027
1476 4986
435 4831
255 2719
2027 4231
308 3275
2204 2588
674 3522
74 3636
25 4109
35 4133
1647 3225
2570 3991
2473 3537
3919 4021
4503 4767
984 3289
1990 4433
2585 3709
3722 4823
3838 4708
1147 4256
2287 3688
4275 4654
2216 2718
4081 4495
2692 4306
3417 4554
4020 4814
862 2453
1370 3357
4671 4920
1338 2327
4202 4616
324 718
2662 3344
919 2798
4260 4633
4495 4807
1549 4641
4905 4969
2306 2465
3505 3662
3148 4746
4235 4982
323 1776
3368 3825
258 1545
2093 4938
4770 4811
2700 3770
4516 4630
1486 4162
582 3633
4578 4757
432 4949
334 3990
1308 2007
4075 4831
4450 4602
1710 1728
2806 3814
4038 4726
939 3192
24 1829
884 3472
3521 4339
3315 3609
1406 3752
451 3236
1419 1853
4704 4804
2023 4748
660 4637
2632 2932
2014 2277
3372 4913
2373 4432
4772 4831
4845 4854
4027 4691
213 1117
469 4015
552 2990
3649 3747
909 2833
780 4988
429 1148
4131 4938
80 3220
1149 4328
469 2107
2369 3186
2069 2146
666 1549
2627 3134
1077 1170
4400 4666
2336 3468
1288 3535
1184 3760
4298 4745
219 2388
781 3769
352 919
2258 2442
2272 3363
497 2623
1198 1292
1078 3217
105 1038
1292 3207
4391 4605
238 4702
3230 3532
434 3313
1959 4256
1862 3254
1817 4568
3897 4479
1807 3043
1804 4459
2055 4195
3837 4139
3915 4513
4203 4767
4306 4823
2239 3416
3988 4997
1375 3127
2532 4374
2259 4511
3603 4133
2517 2837
3706 3877
3062 4223
4683 4922
3426 4422
4908 4983
3838 4603
2078 2326
3109 4541
2413 4623
369 4744
1517 2924
2979 4597
3683 4048
2699 3619
518 4864
4624 4635
4982 4994
1170 2573
3161 3489
4290 4763
2907 3351
1577 4866
4078 4363
4496 4910
2737 3745
1939 3305
2408 3667
3734 4214
3046 3228
750 4173
108 4359
4255 4266
3576 4046
2526 3579
3575 3923
1994 2891
3776 4186
1663 4483
525 1250
37 695
1381 3375
1154 1428
2657 4251
220 2832
223 3854
3221 4563
586 2122
2027 3717
1608 3950
4100 4732
1146 2614
3611 4186
2227 4082
2976 3583
1210 1997
3305 4785
3768 4700
4869 4925
1608 3951
4413 4489
4636 4732
3805 4600
904 2788
4307 4659
4026 4404
3479 4371
2176 4627
3076 3108
4847 4905
338 4871
3317 4032
1809 2469
3805 4391
664 1949
3525 4483
3125 4420
2516 4931
2883 4977
971 1884
3933 4543
4497 4834
2757 3740
843 989
3389 4860
2914 3752
881 1932
742 781
494 1458
3553 4797
4153 4991
417 4717
2292 3295
203 4592
3303 4817
1682 4091
2967 3233
2569 4073
2200 2459
1315 1500
4960 4998
150 2517
4757 4931
3029 3925
86 4832
1338 1744
4601 4901
1981 2477
4455 4831
4911 4981
3014 3181
2601 3631
782 2762
2100 2209
2174 4449
3635 3865
1799 3553
4466 4490
2048 2384
4376 4891
3804 4605
4895 4922
268 269
3026 4695
3845 4455
1337 3880
1623 4981
3670 4484
1584 1993
2482 4282
3094 4959
2026 2569
3483 4612
618 1594
4520 4713
3935 4402
2361 4841
3459 4694
1725 3464
1212 4580
1373 3573
3068 3548
2768 3523
4507 4642
2494 4049
2695 4806
2750 3558
1111 4284
4189 4744
808 3191
1180 1681
675 2066
2024 2894
4256 4822
3859 4249
1008 4580
4630 4812
561 4228
67 3060
4112 4866
3185 4775
2358 2528
1888 4489
999 3541
3610 4748
914 1447
4359 4993
427 3724
1393 1992
2571 3588
3486 3667
3616 4363
155 4736
4636 4837
3421 3702
467 3252
3170 4068
1379 2767
4632 4724
2944 4198
3901 4935
1353 2259
67 4776
4945 4979
1245 4934
800 914
2977 4810
2057 4856
3034 3609
2484 3791
2692 3834
3446 3959
3201 4855
4052 4795
1903 4774
1090 1552
3761 4932
1838 4491
1997 3600
2012 3362
3222 4825
3146 3769
2614 4601
4523 4641
220 353
4516 4603
3063 4765
3734 3973
1485 3272
142 2620
2506 4106
1742 4555
2564 3190
4338 4744
1510 3878
3610 4606
2059 2791
4534 4659
2350 4532
2499 3891
3270 4465
3800 4599
3170 3360
4331 4399
3806 4914
1548 2075
3947 4387
4660 4909
1395 2183
2099 3604
2844 4692
4212 4846
2002 2286
309 3850
2026 4630
1989 2984
2655 3023
3588 3998
4632 4856
3242 3320
2249 3671
2284 4193
1276 1614
3022 4493
4452 4480
2722 3747
4198 4320
4258 4508
1269 1308
314 695
3921 4501
3861 4777
153 212
1354 1602
2498 3313
180 4207
534 1252
2816 4244
1582 4952
510 3558
4126 4892
1179 2782
4371 4875
3900 4698
4663 4855
2184 3689
2492 4922
2831 3034
1494 2637
608 3477
3162 3457
4651 4702
4207 4655
1088 4608
2190 3525
2814 4827
1897 3205
4248 4295
1134 1464
912 3377
4276 4853
3659 4371
4646 4973
85 1627
844 4971
4317 4627
19 1876
17 3018
2731 4511
1405 3399
1254 3045
4272 4526
3968 4379
2173 3007
2291 3479
4248 4421
1252 3014
4480 4675
3353 4791
2936 4275
2534 3761
3219 3981
4110 4176
2483 4155
1680 2482
799 1375
3358 3627
2414 4946
2226 2227
4895 4928
4339 4552
2181 4923
524 4686
1033 2613
2208 3749
2420 4730
3876 4116
4826 4965
4675 4932
3191 3213
2056 4836
2236 4932
1871 2346
1429 4649
2662 3053
647 1948
378 1476
2564 3480
2796 4064
1111 4115
4075 4796
4522 4655
22 741
632 4157
2324 3758
682 751
2275 4152
4609 4704
1695 2435
4608 4846
2656 2998
3982 4785
789 4662
2431 4066
577 4483
2233 3397
1044 3629
3997 4364
1088 1347
2113 3313
4606 4686
537 4315
3002 3223
309 1892
3502 4633
1935 2793
1929 2562
3918 4932
4913 4960
57 4848
2238 2820
4704 4951
2805 3055
533 3014
968 4237
3153 4764
3176 4826
837 1906
4129 4148
4947 4992
3496 3916
2167 2210
4309 4576
1896 4753
1181 1951
1449 3534
1648 2320
2659 2720
2622 3497
540 4265
2881 4455
4107 4472
300 3123
3014 4934
1970 3585
322 4198
4856 4909
3989 4939
2933 4422
4708 4991
3289 3361
1924 3421
3646 3763
1915 1916
4154 4927
320 2635
4201 4555
3273 3771
1129 1959
1754 2936
796 3127
1736 2520
3623 3666
1719 2137
1659 2042
2813 3430
1322 2979
4399 4842
2776 4449
1287 4693
472 1432
3338 4974
3009 3372
4435 4895
2790 4358
4150 4485
3084 4668
4162 4906
4911 4913
4463 4596
3660 4772
1192 2952
228 1502
4162 4667
660 3235
1900 4231
4991 4994
1309 1893
4351 4651
512 2536
1336 2412
1072 4988
4407 4942
3115 3595
2528 4889
3916 4544
4024 4843
2688 3083
1451 3467
3903 4832
4474 4614
3868 4824
329 713
4924 4978
466 664
2269 4660
2897 4008
821 3168
2837 3900
375 2356
2654 3843
1533 2128
4465 4471
2570 4923
736 4304
2671 3395
4386 4756
3979 4806
632 1772
4286 4365
543 3141
1779 1991
1218 3215
3828 3836
4090 4865
4117 4977
4486 4869
3210 4634
2779 3110
1415 2388
1908 3733
4947 4960
1252 4669
888 1904
2504 3755
2253 2638
1595 2825
59 1923
1620 3622
2210 3082
2144 2580
924 2259
3135 3808
2771 4373
2031 3777
1999 2081
1365 2586
1356 2281
1024 1832
2106 4549
3532 4084
2885 3824
4171 4651
1559 2296
4064 4377
2173 3352
2507 4975
4663 4721
2856 3667
2769 4298
3026 4463
3169 4252
227 1471
2431 3460
1542 4593
4026 4890
4486 4838
735 2358
4818 4930
3667 3783
2754 4141
4293 4472
4398 4495
2883 2956
2030 2089
612 3464
1663 4816
4730 4798
2016 4851
299 1664
2658 4699
62 2597
2924 4148
2104 3179
168 4341
3970 4371
1409 2400
4203 4657
2140 3532
2011 3580
1688 1915
4854 4957
3570 4832
527 2435
2407 4717
1702 2047
223 407
2130 2768
3577 4506
3321 4660
1765 4271
2374 4571
3007 3561
4190 4418
93 2189
4035 4784
4347 4387
280 4824
3366 4229
4225 4401
2427 3464
4687 4835
2105 3904
4456 4901
1926 4531
3 3679
988 1984
1702 1884
4607 4701
1546 2232
1302 2001
2638 3438
4519 4959
2485 4435
27 1053
4538 4865
2011 3056
473 4989
3879 4731
272 2256
3293 4981
1961 4686
793 4106
471 674
4956 4982
4092 4140
373 1428
1268 1992
4444 4768
1367 3298
425 4561
1692 3544
3928 3971
4450 4592
1386 4387
3953 4040
478 747
3326 4014
2781 3499
4763 4935
751 1024
1220 2916
1131 4614
2802 4197
2333 4454
1982 3931
1442 4523
778 4696
1130 1839
3749 4998
2426 2614
4657 4990
2447 2833
2603 3517
657 2180
1186 4171
2291 2514
3836 4175
2811 3147
4765 4936
1826 2013
4976 4986
2155 2331
562 1962
3246 3461
2897 3448
2508 3698
2070 4908
731 2615
2904 4205
1649 2802
45 3837
406 1532
106 3098
1487 4874
4851 4958
3463 3952
866 4613
2970 3701
2686 3040
822 1016
3961 4956
4072 4875
4271 4348
399 1613
779 2956
732 3761
3583 3816
1770 2072
1468 3771
3430 4890
1698 2054
3368 4178
874 1977
221 1197
3607 3665
425 2309
4485 4925
2469 2689
3009 4980
357 1072
1502 3104
3901 3997
3577 4656
164 638
1119 2790
2909 3669
3718 3740
2666 4014
2761 3316
4018 4643
4961 4994
570 3622
4132 4728
1247 4373
1630 4103
979 4194
1473 4938
1907 2951
4589 4895
322 2619
3337 4846
3437 4767
3839 4694
4393 4405
1199 4731
4157 4681
3096 3350
1936 4401
2516 3899
1474 3456
4059 4531
369 3980
1606 4821
905 4329
1849 3378
1409 4980
1367 1987
32 1363
3651 3708
156 2911
935 1539
2608 2991
3655 3729
1750 2897
2865 3794
2537 2755
4289 4980
4966 4974
1548 2704
1805 3272
4730 4812
4531 4629
775 1256
1715 4633
757 1400
3725 4098
855 4013
1904 2438
3772 3980
1747 3561
0 812
4751 4924
865 1492
3822 4875
1914 2667
4193 4374
1278 4457
3806 4458
1901 4336
1815 2213
2387 2676
1058 4968
337 2722
1777 3587
2593 3873
4547 4973
2213 4084
4608 4961
4516 4830
2707 4909
2912 4552
1409 2963
4679 4920
1766 4376
1110 4725
2560 4011
4435 4914
2140 3147
3117 4340
3980 4354
642 2043
1753 2912
2967 4871
3292 4132
261 1098
3966 4827
2707 2854
2627 3567
3418 4030
437 843
129 694
4028 4866
3087 3211
2666 3729
4679 4731
2704 3880
2252 3722
334 4123
534 916
2122 4418
3339 4633
3892 4979
3078 4152
3496 4062
2335 3105
1847 4513
3041 4651
3002 4615
3678 3883
2665 4131
1633 4938
1680 4975
4928 4996
2827 3903
3758 4290
4392 4727
942 2601
2562 3984
2874 4724
3921 4743
4920 4941
4213 4683
3257 3391
2095 2790
2007 4702
3154 3908
792 2147
28 1203
3829 4030
2346 2728
3431 4451
4679 4778
4060 4559
4832 4889
1459 2438
115 4684
1104 3955
3814 4633
4756 4857
2286 3961
646 3986
1151 1767
4161 4673
2751 4353
4342 4505
2662 3827
3290 4940
2190 3469
412 2994
386 2644
4078 4302
1540 4739
713 4955
1858 4814
2412 3896
3758 3953
3244 4754
3298 4600
4170 4383
3201 3970
3810 4996
2428 4753
12 2806
1878 3764
180 1673
3850 4058
2899 4906
968 2565
4802 4839
2639 2883
3429 4699
1215 4296
1159 3979
1556 3015
2851 4685
886 2306
197 547
3838 3919
439 3480
1843 2295
4040 4327
3551 4523
2385 3860
3950 4064
4326 4541
1280 2054
3316 4638
1247 2010
2697 4252
1026 2939
3125 4753
4984 4999
3433 4149
1579 4233
1328 3554
3323 3711
4682 4954
3879 4108
1190 2069
4224 4756
1063 1201
3343 4375
279 3736
3475 4294
3623 4512
4011 4602
3189 4958
1858 3161
902 4948
2122 2466
571 952
4743 4819
1194 2888
1791 4323
707 3105
2486 4693
1687 3060
4248 4447
3530 4741
4485 4510
1929 2817
2768 4599
3037 4421
507 3557
4470 4744
4309 4367
248 2694
3332 4160
2674 4627
1973 3572
2467 2675
1366 2184
1192 1384
1663 3645
2479 3732
3446 3890
4866 4878
524 2587
496 4782
2861 3337
21 3535
65 3618
224 4653
601 4615
1902 4090
4694 4982
62 4920
1791 2705
1924 4923
3469 4347
3458 3669
2110 4172
3979 4108
36 4046
1893 2125
811 1696
2313 2788
2129 3637
1115 1681
1671 3923
1411 3488
4114 4491
725 2986
2097 2927
842 2073
3745 4889
4551 4723
620 1511
1376 2007
3583 4855
3716 4544
3850 4945
2194 2962
3083 4779
4672 4888
3834 3879
2320 3765
3889 4345
1008 3263
519 1820
2838 3839
4394 4576
3994 4436
3618 4336
1201 4821
1146 3057
4458 4929
2187 2712
1846 4876
2835 3257
3599 4760
212 791
617 3283
3140 4370
3650 4408
1837 3721
625 2103
2696 4306
33 1299
2388 3174
2782 3898
1860 4246
4175 4412
232 2438
4469 4873
380 503
2139 4629
4513 4559
912 4253
4789 4975
313 525
738 2522
4866 4939
3484 3926
3991 4294
1543 3738
3462 4946
1470 2627
3413 4651
4620 4632
4505 4954
3224 4650
237 2886
4162 4408
4598 4929
2542 3523
2954 3832
2014 4984
1208 3187
4370 4640
3979 4387
2570 3168
17 2887
3518 4906
2143 4837
2438 4507
3082 3494
164 1596
3857 3958
4530 4927
3716 3912
2908 3919
605 2573
4139 4317
2162 4473
1180 4696
1509 4075
3575 4059
658 974
2125 4491
1409 3998
465 1104
381 3061
4451 5000
2421 2689
2106 4249
2731 4039
1525 3130
1514 3782
3531 4660
1079 4817
4140 4595
733 4403
1184 4669
3475 4307
932 1851
631 4696
4540 4992
3388 3840
3424 4622
1329 3374
670 2423
3587 4815
1755 2076
606 4531
2660 2669
4846 4981
4118 4764
120 1085
2275 3838
2360 3031
467 2004
1146 4191
4472 4671
374 2603
2040 3049
3382 3484
2471 3686
4955 4991
701 4912
3372 4625
3060 3506
93 4003
2243 4221
1862 3594
4425 4939
2207 2710
4155 4237
59 377
3029 3100
4482 4689
1982 3994
4903 4978
371 4261
2088 4223
1679 4940
1810 4818
795 1406
2199 2906
4497 4593
1576 4106
428 2966
1527 1562
1955 4281
3033 3209
4486 4572
782 1191
1724 4824
1687 3953
4358 4882
4756 4917
452 1975
1408 4337
3415 3668
3411 4279
3138 4519
1525 4616
3624 3821
580 785
469 3689
3773 3988
2691 4558
2079 3429
2944 4678
3305 3698
2701 4677
4924 4958
4014 4891
4743 4999
2122 3556
1654 3378
927 1967
3800 3880
2052 2309
3807 4589
2033 2331
2148 3648
1835 4566
441 1291
2840 3198
2897 3372
3310 4652
2742 4566
3607 3972
482 2186
29 1601
4293 4617
1431 2727
474 2676
3841 4472
3431 3946
4068 4603
3179 4437
1428 2555
3239 3406
2726 4530
2418 4607
2637 3951
2679 4783
2918 3797
949 2063
1267 2053
2273 3989
4100 4320
4878 4887
4205 4777
4664 4781
794 1405
2505 2790
3582 4846
4291 4415
4917 4964
2662 3969
137 3229
2605 4326
2667 4718
3704 3727
260 634
1304 2985
1253 4104
2097 2543
389 1587
945 2682
92 4475
4345 4463
728 2170
3012 3609
3212 4557
4672 4992
3802 4177
2932 4835
4835 4973
4695 4885
962 4799
2324 2792
3431 3898
521 2361
3469 4291
1107 2460
4166 4763
813 1145
410 717
764 3728
2149 3893
2568 2792
4801 4913
3960 4808
540 1591
4244 4724
733 4628
4174 4917
3289 4390
4154 4779
1787 2511
1868 4487
1754 2894
4044 4752
4415 4785
4404 4510
229 327
2373 2752
4706 4886
4754 4834
3589 4765
1094 3256
3121 4598
3594 4089
3816 3966
1241 1979
4257 4343
4459 4877
813 3014
4213 4220
400 4618
1669 1994
822 1514
4525 4665
3285 3783
2314 3703
4132 4182
4797 4883
1394 1928
3196 4186
1193 1391
1161 4082
4632 4795
1791 4694
1360 4546
4168 4746
4834 4939
2028 2793
3075 4548
2909 4824
3421 4573
2256 3873
1027 1490
1722 3071
326 558
4062 4471
2126 4765
418 4568
1305 2630
68 2386
4154 4645
722 1514
1014 3880
4274 4361
2477 2859
1046 3737
2081 3712
2735 4723
3326 4942
728 1251
1224 3972
4747 4923
4342 4645
550 1856
4533 4928
1916 1963
4834 4916
2865 3445
138 386
1822 2263
3903 4131
3931 4077
1712 4946
840 2094
1340 1629
3845 3871
3482 4939
4552 4704
2847 3228
92 1948
3121 4143
3480 4839
4274 4591
3538 4490
3901 4511
2042 4952
4202 4854
3091 3162
355 4881
222 1885
1229 1308
1614 2463
3177 3314
2042 2459
1575 2492
40 427
2649 3339
3480 3740
4173 4997
1877 4258
1297 3414
3050 3121
4313 4994
713 2801
4578 4918
230 2122
789 1153
2981 4151
4492 4707
4069 4310
2449 3061
2160 4340
1565 2640
4801 4979
2234 3630
2068 3462
1652 4420
1304 2498
4230 4776
839 4284
3847 3976
2300 4672
3626 3980
645 925
3390 3622
2649 4679
2333 3364
90 4713
128 3401
3340 3544
3398 3872
2829 4091
1441 4925
569 1603
3173 4566
2103 3561
2685 4625
3632 4822
1602 3398
1371 3458
4552 4676
3352 4102
502 4520
550 3111
2437 3346
3425 4524
2081 3185
4528 4530
3625 3795
4927 4946
3950 4200
2303 2720
1396 1710
805 4833
3529 4668
1012 2212
1865 3000
869 4490
853 4019
4465 4723
4428 4896
809 3977
2156 3643
1264 4712
685 3910
2640 2649
241 2115
3719 4389
1741 2827
1590 2859
481 615
1360 3143
2165 3168
1887 3468
3001 4487
2304 3496
1118 1454
4435 4723
3811 4617
157 978
815 1104
1406 4066
1704 3359
1671 2185
530 3457
2324 3287
2797 2804
2339 3109
1269 4944
4460 4764
2148 2942
3371 3543
847 4820
2944 4421
1064 3616
68 845
374 554
4201 4430
2609 3156
1392 3259
2905 3738
4505 4965
2680 4377
1068 2596
3437 3732
2433 4963
1873 4720
1302 1654
745 1705
3198 4010
1459 3327
2570 3061
3880 4532
2424 2469
2266 4079
4986 4991
4286 4332
3989 4955
633 4672
892 2725
66 2387
1244 4646
3417 4330
3120 4813
1509 1912
3546 4628
4245 4533
1287 3679
3120 4322
3033 3319
3322 4371
278 1504
1899 2345
3554 3687
445 2489
3403 3480
170 3193
3301 4271
1095 2233
2392 2498
4692 4780
3168 4727
1336 3998
1069 4625
3085 4873
2333 4238
919 2742
2525 4169
1384 1703
3793 3877
3664 4032
2356 4638
3815 3870
3886 4240
167 4820
389 603
2632 4334
3457 4903
3386 3730
4985 4995
905 3403
46 1770
3997 4896
3719 4996
4900 4996
2561 2989
2052 4422
4648 4974
4384 4748
678 1391
1067 2167
641 2148
4228 4537
3656 4991
4467 4999
330 1592
2916 4732
3465 3952
4288 4720
3090 3724
2786 3167
3239 3708
4525 4684
995 4558
646 2718
3170 4921
2457 3637
2898 3694
1098 3939
2134 2819
3407 4993
2959 4127
980 1005
2291 2473
2177 3719
4101 4850
3277 4801
2829 2846
460 806
1955 2658
1965 2012
2023 4603
4968 4972
3765 4784
4445 4684
425 4595
448 3714
248 4695
2931 3598
3457 4993
2163 3694
4950 4992
1990 3873
4899 4919
2545 4741
3967 4472
782 3199
3279 4442
1372 2433
2232 3320
1395 1623
1038 1859
2146 3076
2805 4464
1500 1746
2195 2519
751 3039
4877 4925
3226 3338
2697 2747
4563 4657
2426 4637
931 4265
705 891
4815 4945
1022 1724
2032 4697
4967 4983
1086 4997
4309 4347
4233 4389
3706 4862
4832 4907
912 3777
742 2465
1749 3034
3174 3199
3601 4397
866 3222
3994 4587
4700 4986
1064 3145
3761 4550
862 1233
1001 2822
2764 4775
1155 4733
1366 1924
28 2657
3592 4049
3562 4502
1845 3522
4562 4984
4379 4538
4464 4925
741 4028
2871 3645
2755 3085
2438 3089
556 4775
1005 4612
2425 4018
3214 4212
3684 3878
656 2156
3451 4733
1821 4154
3697 4584
724 3891
3328 3857
1661 3674
2144 4988
4286 4679
4581 4585
3585 4347
3334 4975
3055 4835
352 435
659 3190
2231 3485
1577 2144
924 3586
4905 4941
2098 2906
2569 4308
2798 3031
3117 4874
3826 4957
2985 4157
1979 1998
930 4439
697 1627
1705 4697
2671 4427
1846 3294
1551 2896
683 3025
4770 4781
2433 4909
4694 4955
299 2359
4040 4669
2914 3040
95 1580
324 359
2563 4348
2695 3113
3353 4459
4085 4498
3063 4862
3429 3804
4034 4855
3796 3992
4474 4769
733 3781
2372 3870
1491 2427
3514 4595
2727 4233
3309 3657
2099 2310
4859 4932
2443 3383
1408 2245
4200 4876
2921 4722
2864 4787
3112 4919
4539 4928
3551 4600
758 2111
2970 3824
1059 2366
2221 2355
3725 3914
4673 4693
776 2717
4192 4856
2623 4265
3225 4860
4203 4646
2810 4240
3953 4191
598 728
3596 3623
2834 3539
1613 1852
2399 2729
2840 4932
614 1854
216 306
892 2855
4307 4918
4317 4426
911 4804
231 2963
250 2497
2803 2922
467 1488
2096 3041
2820 2896
2669 2842
2087 4720
1804 4358
3965 4841
2172 2433
3639 4336
4456 4634
813 2771
2954 4666
1909 3161
2881 3882
3604 3824
3424 4069
946 3934
2740 3164
464 2197
4677 4956
3040 4150
1579 4388
2275 3260
2131 3493
592 727
421 4137
3193 3753
1720 1937
895 3075
2529 4360
3639 4805
2275 2882
4251 4588
2330 4457
2106 4228
325 1727
4473 4913
2500 3402
2108 3834
4459 4883
3428 3509
4495 4881
1989 4790
1952 2697
558 754
906 2071
74 1144
2656 3259
604 3641
2169 4621
4273 4592
2105 2603
4028 4513
75 3888
2181 3563
3456 4555
3732 4367
2043 3013
4073 4393
2214 4640
2543 3893
2858 2956
1417 4574
1721 3990
1203 3214
2085 2726
630 4846
2562 2681
1988 4786
2878 3304
911 2221
579 4372
3079 3305
1512 3966
3066 3261
3567 4654
4122 4403
2296 4302
4159 4711
4581 4957
588 1409
4363 4735
2299 3016
1442 4768
2147 3777
2802 3242
705 1718
2576 2957
1881 4926
3300 4905
752 2335
2248 3271
342 1881
2843 4430
393 3366
2048 3863
841 4276
2778 4316
3892 4852
2299 3751
1176 1735
3699 3919
4160 4600
305 1137
4835 4898
4115 4813
1498 4877
3773 3949
3277 3952
632 3314
535 1097
2833 3596
3789 3983
896 2658
1134 3950
1889 3659
3030 3335
385 3319
1313 3054
4233 4342
218 527
4733 4867
4659 4878
2318 2570
3206 4798
2898 4922
4171 4215
3691 3949
4035 4457
4178 4981
2792 4762
2613 3867
397 3289
890 1339
3114 3508
528 4669
3052 3987
2493 2613
1961 4713
4859 4954
2625 3238
61 3144
2243 4227
291 4720
4786 4936
4354 4697
4099 4821
2699 4289
145 1360
1238 1727
387 1570
2503 4697
159 2857
4855 4890
1084 1713
3061 4318
2246 4679
1161 4475
3260 4750
2735 3713
443 3082
1645 4635
2976 3239
2601 4227
304 2393
4949 4989
2826 2978
2391 2453
2265 2890
882 2681
3389 3762
1578 3021
667 1138
2137 4630
4553 4573
3639 4226
4399 4665
2818 3903
1794 4179
404 1267
764 4020
3846 4629
1851 3779
3927 4259
3741 4786
4160 4248
4381 4727
3922 4969
1106 4324
93 3623
1060 4668
1290 3604
3147 3782
4839 4991
4365 4439
1455 2227
22 3087
482 4371
1535 1960
2993 4788
3638 3811
2341 4152
4196 4840
3239 3463
2669 3801
983 4061
774 1995
4566 4957
3143 4114
2845 3993
230 3335
4351 4558
939 4212
4121 4295
2241 4919
3529 3633
4551 4821
3466 4516
1456 2347
1510 1606
4529 4987
436 3351
2605 4389
2709 4106
765 1334
2930 4843
474 929
2065 3299
611 2247
3403 3542
1502 3668
1809 4138
1734 1753
3187 3925
1500 3626
4161 4594
1746 2169
2239 3410
4258 4611
444 3455
3078 3417
3106 4185
13 318
4489 4546
1831 4667
1957 3967
4775 4949
1250 3040
2465 3532
424 4149
1175 1639
2369 4229
1585 4557
1157 4321
4630 4885
1690 2350
3549 4817
2692 4574
391 979
4365 4657
2963 3305
2852 3131
3150 4392
3259 3741
53 1103
1165 2202
423 3912
2462 4995
2682 4846
3184 3612
4321 4347
1694 1758
4997 4999
2389 4875
1851 2657
4954 4956
4265 4364
4230 4393
1725 1832
1236 3713
1421 3270
4449 4597
3469 4312
3663 3967
3662 4819
4458 4725
2079 2763
1158 1264
4377 4432
3239 3843
3049 3447
846 3349
3819 4195
2444 4778
3343 3658
2972 3412
3436 4127
4291 4532
3080 4156
4040 4416
1248 1912
1903 3908
4751 4783
2513 3556
4421 4690
1168 3182
2519 3404
1940 1949
25 4273
1280 4878
3393 4344
2307 4463
4206 4486
3504 4598
4499 4547
4415 4579
2409 2528
2039 4026
4965 4996
3456 3890
4923 4993
1365 3408
4881 4948
88 1612
337 4287
2827 4065
1806 4645
3145 3448
2490 3648
4749 4998
4570 4928
4414 4676
3911 4491
2246 3568
748 1334
2934 4390
4296 4329
1533 4430
3810 4706
2191 2542
3894 4147
665 861
2491 3374
3098 4162
1977 3324
778 4999
2057 2074
519 4750
3098 4330
3749 4207
2219 3322
4694 4994
815 2633
4412 4958
533 4172
4022 4069
3899 4707
4118 4996
3548 3820
2087 4734
1570 2390
3890 4198
34 1519
4449 4490
609 3913
2060 4132
2498 4505
2633 4216
2357 2821
3666 4703
1273 2873
3135 4730
604 1933
4656 4667
2742 3302
481 624
4695 4747
2973 4911
739 4816
1254 2899
2151 3048
3125 4726
1879 2688
219 624
463 3215
4026 4303
792 3418
2813 2872
4124 4503
2278 4092
1337 4450
723 3096
4740 4863
2741 3023
2061 2702
337 1590
437 894
1702 3711
837 4597
2062 4746
238 2831
770 3788
4053 4499
4229 4468
4780 4801
1516 4085
259 4257
4166 4789
3809 4300
4536 4639
2278 4392
1218 2674
2003 4973
4292 4599
3099 4619
1308 3411
3306 3493
658 3827
1398 3433
1975 4712
2247 3181
1300 2163
1544 1565
4515 4646
543 3662
3658 4780
4584 4716
1389 1499
1196 3393
1182 4019
2136 2801
3791 4504
2401 4184
3214 3528
4621 4699
204 463
195 4930
4282 4524
3097 3477
4515 4689
2629 2866
598 1628
2013 4667
227 1072
607 4306
1279 1781
1291 2222
1906 2413
4879 4964
426 1077
4893 4941
474 2561
2717 4503
3382 4007
4709 4773
699 4348
606 4074
158 2964
4486 4717
4701 4989
3462 4022
1350 2297
1972 4713
2059 2141
204 1712
93 810
3499 4432
3136 3310
2717 4826
2184 2977
998 1158
824 3904
1043 2175
36 1817
2192 3710
2792 4365
321 2985
1380 3601
4046 4529
1597 2624
126 2550
1063 1503
4437 4717
2553 4232
2053 3809
1360 2849
3790 4239
4884 4908
2822 3380
3703 3883
1136 4876
3399 4007
1660 2638
3786 4305
2881 3126
4045 4189
4079 4202
3060 3263
569 721
4740 4894
1714 2762
4847 4993
1702 3038
2451 4433
2134 4297
3055 4491
3138 4858
488 897
1927 2754
3291 3802
3758 3905
3551 4259
1803 3187
4957 4989
3418 4762
4092 4771
1738 3182
2719 4731
477 2194
4044 4587
1407 4033
1659 2901
1833 3593
4435 4733
2704 4921
4160 4522
4613 4759
2243 4174
3280 4824
2056 2258
4374 4891
1575 4049
4444 4828
369 4097
4870 4957
4326 4386
2951 4286
1366 3588
367 4223
3074 3861
3184 4412
1438 1462
815 4808
1609 2176
4176 4610
3258 4681
4944 4959
1060 2516
526 1167
4375 4513
3004 4301
891 3773
2369 3294
2014 3977
4932 4945
2304 2728
4916 4958
3199 3611
4334 4771
280 3650
4990 4991
1938 4994
281 2444
4665 4829
2981 4818
106 2501
652 1886
2884 4755
3691 4082
3967 4578
544 1616
2895 3509
76 3190
1020 1921
227 1733
4219 4383
1817 4657
933 2882
4991 5000
2010 4594
4640 4847
2152 3057
2041 3855
3336 3853
4116 4851
2762 2797
1531 1599
940 4505
3620 4054
4177 4530
2575 4944
477 2909
4352 4451
4273 4627
1598 3022
4059 4630
3866 4689
2607 4139
3183 4371
4259 4739
219 2924
3924 4349
2662 4608
4383 4906
509 4161
481 3912
4679 4741
3380 3658
3520 4905
200 2420
408 2734
3356 4159
4301 4885
244 4039
3611 3880
717 3531
14 4908
2692 3225
4298 4607
23 3315
4827 4961
3276 3532
3708 4650
1627 2542
1837 4704
1871 3644
2397 2984
3332 4990
1207 3679
4477 4693
744 3230
686 4276
4845 4953
483 3325
1275 4664
2755 4406
2412 4940
501 621
3304 4001
2389 4229
4900 4929
4226 4833
1922 3701
565 3149
2067 2074
4298 4974
4590 4940
591 3267
3745 4467
4306 4651
1942 3799
2095 3090
4994 4997
3894 3957
118 3616
538 541
1371 1928
4270 4475
3735 4807
790 3450
1730 2475
327 1962
4620 4854
644 1384
390 620
130 2867
1878 1959
3989 4265
1107 1253
1927 4918
4617 4758
4335 4467
4726 4986
2140 3794
124 375
2112 4918
618 3008
2510 3359
1360 2921
825 1343
3083 4787
4244 4474
3011 3189
263 2079
2469 3692
1441 3342
3405 4815
662 4791
4453 4557
862 2133
1773 3721
1724 4783
273 4476
1873 3255
1484 3639
627 1408
1552 4612
3242 4805
2658 4497
3304 4357
2225 4684
695 3271
543 2299
1964 2510
3330 3764
1486 4298
21 652
1105 1455
4008 4048
1894 3200
4825 4831
2703 4757
2726 4143
209 392
3889 4390
4709 4739
2500 4020
1481 4314
3245 3307
2535 3595
241 4668
1238 3229
4940 4972
4706 4933
2906 4040
4142 4817
4035 4556
3625 3953
2883 4825
2108 4891
1160 3804
4588 4839
4381 4528
777 872
3013 4070
1383 4779
281 1508
4138 4729
1840 2836
279 4413
4142 4569
2094 4378
3421 3784
3557 4994
763 2435
2859 3251
255 262
2078 4789
3131 4986
1964 2289
909 2455
2348 2684
1185 4031
1982 3692
2134 4577
1956 4914
4653 4754
2858 4317
3162 3883
3513 4782
2507 3770
4940 4973
4566 4907
438 3472
2881 3980
2615 3683
2248 4137
2677 3714
3852 4449
4443 4795
4713 4734
1102 1361
1402 4954
133 392
887 4859
4776 4799
1369 4819
1640 4259
4330 4621
2467 2493
4344 4495
633 4953
3962 4356
1343 2123
431 763
1814 3822
3924 4059
2303 4964
757 3864
4633 4966
3910 4125
4872 4933
322 1193
2625 3296
2138 2596
3851 4341
2853 3470
4356 4752
2072 4894
2518 2571
3184 3211
1651 3268
2885 3055
2136 2671
4646 4937
3355 4943
2691 4744
4089 4541
4401 4481
1114 1279
3996 4506
302 3876
4271 4455
1378 2993
2885 3322
116 1738
2386 4473
2823 3024
2185 4756
1367 2543
1028 4683
4947 4968
306 1652
1243 2600
3626 3734
732 3161
4362 4601
3687 3941
4885 4932
4699 4914
485 3287
4899 4933
599 3946
3433 4444
1716 3176
125 2941
3313 3622
4124 4147
2059 3098
275 4820
1618 2818
3130 4203
321 2949
1520 1583
3570 3899
1509 3590
1018 4480
4142 4653
76 1189
2633 4541
3864 4764
1128 4806
3958 4556
838 2654
25 4693
4105 4578
2336 2575
1157 2693
3104 3667
1388 4713
1473 2328
3398 4693
2041 3829
321 2243
1971 4891
1893 2177
1042 2695
3332 4639
4862 4883
244 4290
1264 2474
191 1230
729 4847
3527 4466
2188 2340
3649 3721
236 396
1264 1471
2128 3099
4133 4816
27 3003
4868 4966
2243 3803
1801 2105
4570 4789
2987 4161
3994 4069
4736 4815
4328 4344
194 3363
4582 4709
2303 2643
4913 4968
196 1536
2003 4751
11 1862
4124 4775
3156 4034
4378 4536
3391 4006
4321 4605
4703 4903
956 2399
4780 4828
1263 4209
4087 4437
4992 4995
4715 4768
880 2042
4798 4854
2914 3912
1792 1856
444 610
4740 4963
3681 4358
3178 3680
2972 4571
1150 4233
1553 4326
2541 2594
2206 4332
3725 4674
4340 4533
1679 4127
2909 3850
489 4884
804 4793
3804 4929
4473 4602
4860 4909
614 3277
4068 4259
1412 4180
2520 3174
2330 3264
4366 4673
2771 4579
4203 4918
872 3119
1085 3526
4945 4984
2629 3753
1516 3365
2015 2272
504 4449
4925 4983
199 4734
4620 4627
924 1189
2013 2268
132 2654
3601 4192
4768 4799
2243 3084
3322 4046
3945 4056
2478 3662
589 1080
459 2147
178 692
4372 4804
10 2962
773 2914
4456 4736
4833 4944
3544 4268
77 3366
4497 4975
1836 3230
3439 3922
937 4874
3912 4257
1473 2116
3996 4967
744 4182
2648 2721
642 1540
4252 4293
4162 4999
1444 3884
1176 3543
4920 4973
3615 4905
4385 4855
1101 2178
3496 4322
1219 1483
658 4574
78 4711
225 1021
1981 4883
4629 4864
4622 4678
2808 4199
19 1508
3322 3443
1838 2308
1395 1565
3606 4690
2793 3680
1817 3867
4349 4780
2354 3597
2426 2974
3436 3976
332 3705
2260 4623
3573 4415
3592 4567
1914 4116
3286 3630
2038 2175
2076 2185
4512 4532
1604 4553
2241 2649
4835 4978
3634 4058
4878 4960
1203 4594
957 1196
4058 4998
1256 2577
4197 4392
2044 2558
3342 3752
4722 4949
1092 1513
1498 3308
3617 4252
3917 4676
281 607
2282 4505
3161 3492
1756 2225
3375 3831
1993 2378
3906 4620
4956 4989
4257 4876
2474 4967
4303 4935
1789 1920
1649 2773
3259 4167
3244 4331
1852 2690
81 508
4859 4898
1503 2199
568 3903
172 1985
3367 4239
4525 4725
96 1922
480 494
598 2511
1492 2848
2869 2968
3433 3948
430 1184
1318 2179
3501 4983
4306 4825
3991 4936
1345 2171
3954 4800
2410 2993
4747 4775
4100 4946
4469 4537
2664 3817
552 4887
3071 3317
1604 2223
279 2805
514 1608
958 4532
1231 1751
224 4070
1198 2835
1447 2715
513 3942
361 627
3704 4425
2620 4553
4719 4834
1633 4423
3331 3621
514 2436
4550 4841
3640 3695
3780 4372
4296 4524
4679 4978
20 4083
4709 4950
2082 2278
1336 4803
2 68
844 2951
3346 4170
503 3182
4372 4523
1163 4568
2465 4508
491 3242
2425 2539
714 4010
4505 4651
4637 4819
4679 4932
2551 3008
2090 2822
1272 4451
1873 4898
1974 3148
514 743
3225 4599
3607 4964
4788 4816
4600 4670
4175 4430
3326 3440
4233 4840
497 1762
3004 4059
1999 2857
4130 4618
4182 4997
4131 4147
3744 4987
4911 4921
2781 2934
4053 4303
1128 3241
564 684
4817 4930
1598 3891
1058 1443
2533 4988
3725 4607
237 541
2268 4217
1324 1870
3403 3967
4695 4798
1562 3327
2927 4795
1997 2582
4418 4948
4777 4968
1755 2746
4710 4923
2055 2457
1428 3779
4039 4185
396 2782
4070 4266
4747 4852
4999 5000
410 4209
4329 4382
1863 4285
4381 4996
1686 3388
3630 4258
2325 3615
315 2262
1680 3664
4378 4575
4554 4750
2559 4618
1285 4945
1903 3818
2629 4592
2728 4945
437 1466
214 4970
2693 4984
2394 2580
51 3836
4257 4433
2449 4103
1786 2873
3098 3164
1568 3234
2588 4910
845 1536
3493 4988
4983 4998
2124 3721
18 2476
1397 3222
3515 3749
2109 2252
4334 4897
2489 4778
1885 2319
2066 4717
3930 4688
2476 4824
4871 4934
690 3520
4817 4845
2597 3290
2812 3136
118 1170
4621 4784
2785 4064
493 2995
3773 4039
1830 2945
4528 4860
3149 4789
3554 3592
22 4044
564 2288
352 613
167 4805
3986 4425
2593 4553
4741 4777
4601 4727
4838 4972
3412 4052
1760 1918
766 3890
4661 4919
4757 4992
1719 2488
521 4028
1064 3745
2099 2653
841 3097
3046 3432
3937 4111
790 4177
1690 3898
4547 4802
4254 4276
619 1919
1159 3395
4053 4602
2223 3212
2176 3822
2039 2436
2177 3487
3753 4166
2854 3338
366 850
3416 4816
4546 4762
1791 3550
309 4127
4531 4757
375 903
2331 3464
3164 4364
3081 4598
1250 4744
2013 4834
968 4175
1659 2822
2387 3291
1264 3445
4142 4161
4991 4995
3643 4969
818 4881
3382 4663
3208 4425
4424 4731
3478 4677
2157 4517
3834 4257
542 2061
2105 3251
3902 4457
4303 4520
3700 4022
1979 3040
784 2932
3541 4357
2775 3648
2599 2605
2060 3658
4846 4875
281 3028
4724 4940
3654 4006
4265 4277
4469 4851
1473 2370
4777 4946
489 2319
3358 3842
4043 4345
1844 4439
4536 4790
4594 4887
2160 2926
3580 3812
2051 2432
967 1771
3309 4220
425 639
3520 4417
1424 1865
1891 3200
2464 3106
4566 4992
2167 4127
946 2261
1073 4792
4516 4602
4516 4885
144 1833
395 2087
3249 3618
4894 4935
3105 3602
693 2245
4307 4730
4158 4614
2447 3618
1866 2052
4933 4967
3763 4337
1517 1823
832 4331
3881 4146
3258 4158
4980 5000
3932 4829
2413 4111
34 2000
3384 4156
442 1548
598 2326
4172 4454
2339 4190
4125 4344
1261 2777
1773 3210
1429 2215
681 2636
1421 2026
3992 4928
1173 2312
992 1540
2772 4795
2230 4075
21 468
4091 4637
3664 4809
3107 3840
1868 4909
625 4099
1877 1947
3200 3989
113 2853
3536 3910
596 673
783 3427
3710 4903
2914 3131
380 4018
1982 3591
828 4415
4827 4949
645 1377
612 4328
1177 3231
1703 3979
4418 4954
2540 3900
3856 4433
2514 3465
3476 4635
2919 4290
2741 4518
4837 4953
338 376
2782 4842
4977 4991
4167 4847
3000 4081
4210 4400
4578 4658
1785 4699
3405 4425
161 440
3532 3590
1762 4449
565 2007
1872 3844
313 3654
3142 4671
2732 4177
2695 4966
4057 4587
3703 3743
2473 4396
2708 2914
858 2041
3874 4272
4703 4895
276 1322
2424 3018
3223 3521
4727 4954
1435 3680
4454 4584
44 1863
3767 4423
2288 3181
293 321
1267 4917
760 3790
1703 4393
3667 3843
2222 2287
3718 3816
3997 4714
2847 3088
3546 4805
4908 4966
599 717
4950 4974
2381 2884
1555 4545
3674 4557
2195 3349
4802 4815
821 2783
145 3482
3232 4509
4530 4546
3284 3491
2871 3828
2383 4781
2402 3480
164 1692
2334 2436
1695 2099
1251 1457
2304 2309
3635 4364
3546 4958
3473 4523
1031 3462
1083 4075
3674 4857
51 3145
159 910
1380 1693
2018 2362
4718 4929
4429 4517
4892 4998
2316 3377
2850 4040
381 2387
2818 3730
3300 3310
3720 4475
2845 3366
1735 3460
3793 4280
370 2409
400 2776
1501 1536
4011 4065
1762 4317
1721 3357
1660 1849
3989 4769
4301 4720
1563 2042
1795 2107
3295 3589
1367 2785
4839 4855
1426 4452
2877 4292
1247 3054
386 3798
3249 4681
980 2352
2921 3881
2674 4135
3077 4042
4847 4897
4202 4774
3200 3463
4016 4885
929 2873
134 3670
3175 4820
190 1452
3960 4664
632 4524
4742 4859
3100 3532
1887 3880
1486 2930
823 1404
3817 4654
808 2683
1043 3397
595 1712
237 1861
4718 4946
1627 4036
2446 3437
3401 3876
3836 4436
350 1964
1669 4057
4214 4682
4149 4273
3585 3728
617 1715
2127 4187
4015 4492
4641 4701
2811 4231
1811 2215
4738 4869
4252 4493
3029 3457
959 2377
1333 1721
2442 4778
163 1194
2218 3268
2728 3325
2202 3133
3148 4290
4284 4443
1719 1727
1422 3259
3180 4039
3075 3103
1317 1434
584 2179
3898 4440
77 406
3032 4542
2728 3011
764 4339
4061 4270
749 1027
2699 4916
153 1017
1159 2763
2565 4609
1513 4004
2421 2608
3500 4397
2168 4343
2283 4362
1429 1470
124 4835
3143 4155
3413 3569
2802 3977
2766 3965
3462 4196
1188 4310
622 3781
48 4083
4233 4601
4972 4994
4911 4914
3110 3233
4363 4458
348 2374
210 3272
4417 4749
2679 2869
1527 1635
4222 4468
726 4356
1980 4395
3856 4048
576 1386
4856 4899
42 2408
3669 4820
323 1174
3683 4761
4879 4918
3274 3498
1821 2733
4210 4431
1244 1467
490 661
2891 3755
71 1808
2940 3255
1128 3914
342 4254
839 1585
3424 4267
2077 4415
4561 4841
1870 2916
1346 3752
1655 3505
832 930
1546 2686
4155 4898
3784 4277
4990 4994
3342 3419
1674 2443
1458 3536
2607 4838
2907 4752
4877 4946
3188 4547
1730 3386
1633 3552
2427 2717
3044 3952
847 2263
4515 4616
4511 4578
3309 4571
3663 4569
4176 4452
2081 2258
3014 4313
3632 4207
1834 3635
1122 4348
4758 4963
2977 3035
1740 2275
3498 4344
4699 4738
4497 4627
2554 4817
3980 4513
4001 4072
2615 3063
4944 4987
3173 3450
1495 4411
56 1108
4257 4858
3172 4813
4504 4831
1315 4078
4955 4983
1902 4698
3597 3715
3872 3920
4884 4991
4197 4952
2844 4310
4414 4904
374 4763
2878 4043
2690 3577
3131 4182
1765 2477
66 621
4376 4714
1369 1655
134 3299
4925 4996
2421 2786
4308 4665
4827 4890
996 4620
1790 4446
3735 4106
1213 2253
2777 3967
3055 4452
1692 1953
1479 2648
4488 4938
4057 4257
4124 4879
2002 3161
3422 4950
2284 2580
1095 1653
4709 4951
710 3531
3327 3867
3212 3675
3379 4638
2671 3986
4114 4706
2047 4257
3881 4045
3048 3644
936 3548
4885 4944
4672 4912
884 3644
4907 4910
2936 4031
1950 4864
2875 4212
14 1936
718 2169
252 942
1183 4256
3617 4225
1059 1299
2842 4151
695 3163
802 3946
180 1335
2886 4581
437 3495
1676 2564
3152 3784
4557 4558
2630 2968
2612 2780
3567 3978
1485 4361
1895 4190
4064 4248
3733 4233
4 2413
1108 4092
4396 4548
397 1020
1476 3079
4932 4964
285 4374
4597 4683
4007 4446
670 3785
2939 4718
2222 4216
932 1944
580 4786
687 874
1383 1755
1026 1737
3970 4197
2034 4130
1382 3355
1599 2086
50 1371
961 3664
490 4433
4544 4588
3052 4106
1769 3517
2578 3010
4767 4794
4115 4977
1036 4188
1755 1831
1924 4698
2163 4521
4165 4437
624 4685
2626 4442
2382 3136
4318 4418
3705 4794
2523 2546
2792 4947
3091 4433
4708 4922
2037 3402
11 4553
842 2750
2384 3287
642 1871
2784 4514
980 2327
3269 3882
2236 4244
2435 3502
3380 4342
1458 2454
3948 4897
969 1954
1741 4231
1475 4837
3888 4044
4358 4933
827 4872
47 2275
3987 4234
2665 3826
44 4813
3649 4639
1339 2725
4420 4943
3394 4460
3452 4267
4942 4970
2790 3014
2438 4397
4190 4473
1647 4838
1838 2862
1831 1895
2636 4714
3727 4359
619 4897
4470 4913
1292 4144
3243 4092
2758 3706
2603 4193
3366 4601
4405 4485
3216 3491
3934 4606
4872 4926
999 3908
3836 4056
428 2938
2554 2558
3761 3857
672 4708
1055 3051
2746 3146
1344 3746
2034 4222
4016 4862
3760 3850
2533 2584
4908 4934
290 2139
303 2126
128 631
3988 4450
1062 2725
829 3436
3538 3955
1025 3277
4831 5000
2856 4434
532 3490
2730 3923
4093 4506
1788 1853
166 1590
1988 2040
1300 2149
576 3553
1546 3142
2286 2984
2575 4921
3994 4311
2743 2968
919 4336
1173 4230
590 2620
4155 4231
4595 4613
2958 3182
388 776
1840 2033
559 2581
3855 4890
565 1574
4612 4902
1754 3453
430 1487
274 1117
3979 4382
1311 2026
1940 4472
2203 4589
1638 3611
899 4779
3090 4900
2100 4955
908 4212
290 1626
23 87
875 2444
1767 2848
3337 4169
2076 4672
4952 4973
1095 4854
3575 3798
1392 4854
3822 4353
191 3109
3196 4786
3518 4712
704 2738
3833 4900
3173 3612
4178 4328
545 1983
212 219
1247 2026
3645 4810
4964 4972
2445 4559
1700 3887
4201 4882
972 2217
85 309
2406 3822
1973 3559
1336 4946
2848 4845
4224 4423
3580 3746
3374 4023
292 1935
293 3695
873 1109
2440 4976
1211 2443
3976 4350
3209 4196
553 2052
1498 1594
4757 4838
845 1875
2681 4286
1617 2762
18 1267
3284 4627
2892 4133
3247 4804
4242 4377
2095 2405
1660 2290
2973 4289
1366 3290
3018 3230
557 4174
2532 3086
4348 4971
4285 4475
2399 3827
1480 3082
923 2898
4647 4907
2920 4462
1437 3669
911 4908
1410 1513
3621 3761
4052 4276
4066 4937
3935 4493
2108 3766
1140 3351
464 2997
78 2473
2553 4140
2510 3318
4616 4955
2366 4597
3219 4779
4825 4970
1969 3236
1645 3254
1877 3417
1299 3284
4792 4825
4440 4933
4554 4867
1715 3229
2540 2818
4055 4819
2190 3748
2265 4044
4538 4840
3965 4722
4179 4977
4349 4373
335 2800
1332 4541
4889 4965
4684 4728
199 2222
4699 4983
1013 2234
3098 3740
870 1845
3317 3581
3381 4523
1309 2291
4876 4970
1500 1543
936 4257
2177 4564
4941 4999
4312 4570
410 960
1104 3815
2839 4471
2779 2788
4916 4918
3986 4556
3711 4705
4938 4956
32 1414
86 1660
2872 3098
2417 2579
3660 3985
4995 4997
1750 3741
2122 3241
1008 2859
2921 4953
3519 4110
2749 4453
4274 4722
3496 4228
2026 4642
587 2290
2928 3122
4205 4298
4067 4366
4159 4212
1888 4885
1522 2852
3993 4027
3679 3747
371 3611
2938 4714
1879 3136
2676 4027
4038 4737
1263 3751
305 2636
4350 4669
3741 4035
424 4817
1787 3157
2366 3434
2747 3920
1488 2401
3515 3802
758 4789
4836 4952
2431 3993
3026 4887
4864 4916
3737 4564
680 4890
692 3470
2279 4007
4020 4226
1930 2394
93 2036
1829 3309
87 3110
4055 4327
2782 4128
3899 4966
4489 4875
917 4534
3008 4316
2333 3486
3323 4755
1951 1990
1091 3284
2855 3864
797 3005
4471 4583
4823 4997
3771 4904
3378 3968
3890 4537
450 3159
3472 3586
2086 4126
2463 3992
787 2537
4024 4541
2909 3689
4289 4912
1926 4248
3915 4081
4101 4195
3419 4485
962 2358
2784 4977
4322 4373
2616 4456
1177 3069
1966 4182
1027 1819
4193 4784
2621 2814
2188 2576
2325 3044
1421 4697
2741 2766
2598 3020
1588 2968
4617 4668
2184 4905
1276 3441
2461 3658
3510 3971
1118 2634
3865 4572
2631 3017
1378 3183
2844 4019
4490 4904
2029 2127
871 4859
2344 3814
285 1528
3797 4062
2685 4184
2820 4958
1211 3009
1156 2387
4166 4320
3066 4429
2278 4542
3296 4504
695 2794
4050 4322
4913 4918
63 4052
1427 2028
2996 4633
4532 4957
1571 4180
4480 4774
1039 3278
2393 3987
447 2688
4124 4547
2104 3307
1406 4362
1136 1221
4121 4527
3839 4380
3598 4664
3085 3974
638 3816
434 2041
1738 2630
2213 3134
4298 4309
227 2203
4651 4999
4052 4632
3175 4092
2355 2497
2013 4469
384 4474
1173 4506
656 4008
2352 3623
1928 4275
389 3739
1160 1190
20 138
4743 4769
4618 4632
2923 3679
4327 4771
916 3434
980 3667
944 4513
2917 4445
3326 4571
1460 4056
153 488
2038 4189
2231 2702
1883 4397
2469 3010
2309 4716
4326 4631
2235 4104
2127 3640
4601 4910
590 3980
4941 4998
4650 4958
4579 4902
3108 4379
83 3763
2360 2681
1580 3085
1541 4693
2965 3698
3604 4369
4165 4957
238 2627
1207 4814
3870 4214
3529 4318
3977 4973
1244 1880
3799 4301
2575 2859
3359 4733
4704 4991
4375 4938
492 4454
1810 1946
99 2942
1519 2482
2926 4472
4375 4958
4388 4633
1077 1993
4120 4888
2962 3823
2987 4625
2112 4282
2027 3489
507 4171
4231 4322
292 4829
2068 3495
2864 4923
314 4777
2564 4861
4803 4925
2590 3070
870 910
3068 4331
4932 4964
46 1974
3630 4325
3028 3744
4435 4891
3184 3318
2386 2933
2803 3802
2763 2858
3133 4488
3407 4301
2394 2933
2788 3012
105 4074
4023 4038
1306 4170
342 4441
556 2332
920 4030
4841 4969
3034 3557
850 4697
3656 3898
2490 3063
1615 2129
1049 2023
1069 4945
3084 4982
2983 3581
1014 1117
4003 4615
1394 2633
2533 4326
305 3040
2596 3758
4776 4985
2792 3868
4005 4345
1065 3926
4572 4725
3753 4303
1231 4155
3173 4296
196 2021
1668 3220
4286 4674
4444 4599
3089 3432
4860 4968
4737 4825
1189 4829
3824 3953
4946 4971
4075 4483
2100 2110
4163 4380
362 4713
4035 4863
16 975
872 2138
3931 3958
3276 4077
4935 4943
2282 3471
1064 3073
4967 4975
1303 4594
1032 3365
1742 2706
3037 3308
4980 4997
4579 4630
4218 4575
4088 4385
2871 3836
3096 3184
4190 4472
2219 4243
3943 4368
3346 4631
618 4045
2787 3710
555 3466
4286 4294
3248 3738
2472 2675
3427 3885
3886 4019
2477 3114
3474 4548
750 2701
1977 2834
2957 3026
1476 4822
2904 4202
1947 4826
38 3897
3943 4911
3326 4657
4124 4129
4290 4701
3690 4475
3135 3401
2472 3972
4734 4879
4483 4973
1556 3982
1325 1537
3952 4658
1665 4504
2764 4220
3001 4172
2665 4306
3857 4267
1637 2279
4863 4879
1317 2634
2698 3119
3156 4070
3510 3762
575 3310
3460 3727
2427 3202
4713 4812
2394 3242
2734 3644
3824 4751
24 3842
4788 4806
1810 4915
905 1999
960 1388
4499 4796
2842 4177
4822 4844
3466 4078
101 3634
2720 3723
3474 4602
3444 3578
518 1048
111 3129
306 4182
4790 4881
220 4666
4927 4960
3072 3147
1827 2257
4571 4961
411 2011
838 2047
461 4645
2215 3260
2159 2378
4590 4936
4334 4395
223 935
4251 4906
2484 4267
3866 3898
1508 4485
1124 1939
349 1874
4969 4982
2026 4306
4595 4851
4930 4998
3983 4948
1239 3033
1906 2584
3720 4392
3714 4695
4414 4695
4374 4379
1053 2023
1226 2908
4123 4849
4346 4705
4135 4941
305 3842
1510 2044
939 1611
2990 4544
1541 3314
967 4426
1217 2137
3601 4530
1597 2926
2921 3162
4832 4942
4326 4332
1430 1711
1291 2525
2796 3886
1515 2758
4324 4953
4643 4986
3799 4222
3715 3832
2590 3159
453 3094
1837 4135
2272 2877
1385 2382
1097 4397
1390 3650
2719 3905
4304 4660
195 4854
1162 3105
1470 2719
2477 3768
2343 2899
4511 4556
180 2451
32 1354
3343 3383
2119 3079
3041 3235
2511 3971
3248 4951
2778 3170
1349 4721
4412 4572
119 2997
4419 4592
3641 4965
2802 3432
219 2822
2869 3474
2464 4124
4843 4877
135 2458
559 4912
2636 3375
2052 3927
2694 3470
865 4244
393 3142
1674 4163
921 2936
1605 4164
1463 4936
2700 3663
880 4991
3504 3681
703 1654
2470 2872
2152 2729
253 3000
3227 3992
3668 4373
3913 3992
1563 3360
4259 4493
3154 3679
2346 4730
3337 4335
3159 4771
2061 3043
3860 4286
4255 4428
3161 4641
2045 3572
505 2565
1968 2879
4134 4890
1279 3626
1677 3233
4354 4437
2359 4531
2644 4940
3972 4457
676 2264
3041 4764
570 4303
3755 4433
113 2689
95 1545
3888 4356
2521 4071
1107 4531
2983 4465
3220 4169
819 2426
4074 4783
658 2041
1201 1415
2152 2433
211 1603
88 4976
1114 4253
2463 3132
3732 4057
3481 4356
4371 4476
1819 3770
1063 2757
3488 3904
1279 3661
4057 4388
4508 4532
4900 4989
4579 4824
1470 2651
4423 4751
1263 2181
3261 3351
266 337
87 3499
4743 4882
2180 4010
3210 4613
2014 2521
2620 3324
4188 4275
3638 4443
4105 4728
1023 2782
3843 3903
1550 4223
2514 2759
233 2171
2010 3695
2915 3575
4881 4968
4476 4832
1020 1304
3018 3652
4643 4894
4322 4613
4862 4995
1168 1682
944 1997
2556 4123
4850 4987
1974 4022
0 4720
1438 3339
3324 4127
985 3695
1170 4946
1131 4773
237 1242
53 1098
3166 4917
3953 4094
4588 4674
3020 4733
4916 4934
3166 4205
4480 4893
4856 4942
1231 4257
299 2323
290 2256
2841 3051
3078 4391
3423 4981
4248 4772
4448 4596
466 2964
4769 4989
1239 2710
1810 3764
3759 3820
1878 3850
3992 4279
2241 2962
2922 4294
348 4287
4038 4593
1010 2955
1580 1665
1501 3291
388 436
361 1811
2055 3252
4551 4730
4229 4635
3498 3662
3481 4014
3765 4084
1875 3605
4161 4621
2655 3062
2149 3773
349 1464
4734 4816
3547 5000
4874 4895
4095 4675
4259 4796
999 3718
552 2436
392 2774
549 2557
4628 4908
4486 4966
2404 4896
581 4286
1043 4855
237 4486
3305 3741
4872 4909
482 2537
1969 3808
1818 1978
4521 4583
1300 4120
3262 3824
3647 4061
2438 3537
1189 4388
2096 3696
2726 4145
3520 4051
3270 3993
4958 4959
4990 4991
2212 2299
4720 4864
798 3997
311 2012
3751 3971
1899 3537
846 1241
4862 4948
3064 3714
640 1414
1895 3706
4852 4934
4158 4280
2964 4348
2047 2960
1823 3467
1110 1485
2616 3783
2492 4481
209 2865
1974 4025
2745 3014
2797 4107
965 1001
1648 4293
712 2709
4782 4802
3307 3717
471 2386
1594 2089
3212 3568
2978 4468
4576 4888
2522 4631
45 370
2111 4118
745 1224
575 2435
109 4908
1466 2797
4600 4721
1388 4782
3865 4349
2843 4735
180 1237
3201 3603
1262 4195
1879 4855
2915 4984
1599 1781
1498 3798
2207 2988
4029 4076
3223 3598
1147 4915
4341 4993
2257 4023
4967 4974
1598 4464
1300 3266
2946 4398
4951 4984
3529 3775
956 2578
4069 4472
11 4174
891 2405
1068 1589
4965 4997
2343 3815
1631 4811
4298 4327
911 2852
212 466
4463 4841
4285 4487
168 4480
3068 4502
3935 4804
3230 4219
3729 4393
1305 3066
1041 4003
219 2003
2374 3859
1330 3793
3006 4506
3401 4173
569 1956
1959 4965
2733 4067
2098 4122
3852 4359
317 1532
3307 3748
2945 3895
3375 3575
1914 4034
171 3914
2311 3444
4084 4729
1600 2562
874 3375
1327 3469
4123 4936
2494 4787
4019 4148
570 1610
1834 2502
3867 4430
4251 4890
2025 3442
625 3379
4675 4868
1379 2114
4777 4985
1759 4975
4389 4547
2983 4175
3439 4540
174 998
2530 4063
1751 4148
3386 4265
1787 2061
4094 4978
2724 4054
215 1704
3049 3059
2358 2564
4076 4526
285 1059
255 1470
3047 4805
2680 3883
3553 4311
2077 4594
70 3650
4155 4845
184 1717
3667 4543
3840 4290
3276 3620
1731 2005
758 2764
2490 3721
1019 1219
700 1751
1676 4679
1337 4452
2681 4377
1370 3276
2217 4033
4863 4881
4414 4529
138 4198
2712 3296
1826 2995
3460 4750
3939 4745
4273 4518
3581 4491
1450 4063
2603 4795
4823 4845
1196 4129
2937 4783
3591 4923
3412 4121
4473 4651
4709 4741
3251 3906
4905 4940
2383 3175
4824 4845
3474 3529
4968 4977
1618 2671
4901 4918
4792 4826
565 4857
4355 4541
329 495
1140 3037
1051 3388
2351 4840
2149 2219
480 1482
2729 3663
110 2277
178 1278
2939 4784
1164 4383
2163 4957
2283 4112
4188 4198
1394 2013
1718 4446
1709 4758
265 1935
1307 2149
1693 4007
2362 2676
2427 3921
1315 3827
2983 3599
3906 3992
471 1846
4643 4801
3821 4148
2196 4058
4656 4737
4091 4114
1226 4035
1903 3639
1335 3836
261 1033
1904 4619
2558 4689
541 707
4016 4958
1747 2374
297 4760
3935 4816
709 2295
3566 4965
1456 3683
3059 3566
3684 4108
2054 3100
1843 3592
2282 3638
1716 2705
1388 2454
4961 4990
4300 4480
557 3433
1037 3373
3451 4633
1259 3810
3508 4793
1404 4000
424 1100
3228 4904
2650 4968
487 493
1495 4620
920 3063
4173 4431
4263 4417
2632 4477
1744 2991
1328 3057
1384 1740
337 1129
267 3171
4380 4546
4851 4956
1588 3333
4785 4872
1471 4416
2330 3219
3487 4042
3860 4985
337 4433
4197 4373
3526 3766
2361 2489
4189 4992
3994 4787
4527 4809
2074 4916
3382 3626
4485 4961
4427 4547
1442 2824
1969 4536
4807 4860
471 3556
3500 4478
675 2003
2589 3533
2188 2537
1427 3829
1598 4422
2310 3302
1314 1839
4588 4619
2476 3240
343 4079
1366 4871
4868 4983
2309 4343
1388 3388
1369 1944
3079 3476
3605 4519
3140 3934
3046 4722
2540 3398
2133 4507
4507 4897
2163 3122
275 2038
330 3225
4449 4917
2306 2733
1395 4415
1337 2254
2706 3058
1275 2640
998 3993
3300 3675
3269 3546
2232 4937
288 4246
1311 4394
4705 4736
4301 4988
4893 4961
4762 4783
1262 4462
416 3363
4052 4252
549 3370
3337 4846
99 4891
2712 3327
3140 3755
4095 4614
4528 4766
1473 4234
3304 4048
906 1160
2462 3951
769 3553
553 1806
3154 4727
4335 4984
3431 3719
2800 4152
4877 4949
2175 4208
2382 4574
1794 2203
1117 3863
1960 4374
2846 4235
2984 4607
254 2057
2201 2550
1092 2680
2340 2924
833 4854
1150 1974
3364 4160
634 4676
3807 4120
1660 2595
1388 2885
3060 4989
94 3170
3627 3669
1275 4803
2325 2852
677 1125
4069 4749
3524 3687
220 4196
385 1155
4025 4819
3371 3881
4834 4868
160 2920
332 3127
1068 3113
2618 3216
130 3727
4779 4869
4159 4587
1110 3323
422 4983
3301 4874
4733 4927
3803 4391
3765 4413
1160 3791
3716 4613
1990 3497
1023 1934
1307 2913
3004 4298
1541 3539
4112 4395
2685 4045
2722 4511
4506 4513
4075 4271
2653 2865
439 3445
4236 4825
4466 4968
2599 4203
2736 4280
2787 4978
3759 4194
2107 2859
3595 3686
3316 4289
4228 4851
232 4840
743 4350
804 4695
2699 3735
2142 4368
1400 3738
923 4440
2256 4555
2223 3083
3392 3897
577 2259
397 2478
2216 4337
3474 3934
3154 4839
172 3515
4475 4652
2947 4716
369 506
287 1162
4813 4908
1508 1523
4169 4832
473 3163
1508 4815
3655 4270
4397 4506
1783 4338
3268 4606
3110 3426
2090 3302
4356 4884
3491 3582
3945 4752
1517 2164
2539 4820
3099 4016
4872 4943
1363 4415
1821 3071
2384 3090
1842 2691
4256 4461
1000 2628
4899 4917
4025 4243
1988 2346
2087 2707
4747 4938
2139 3951
284 3256
971 2467
3212 3304
879 2076
3733 4949
4507 4715
1500 4015
3107 3823
2327 3239
3541 4297
3134 3257
398 2235
1910 3495
3188 4589
2035 4068
4397 4791
2926 2987
3151 3644
510 2465
2147 2209
4678 4734
1302 4486
2985 3541
1011 3032
537 2921
2408 4617
4799 4910
1398 1610
3921 4892
308 2887
431 1981
1982 4409
2180 3133
3044 4903
1595 4713
1761 3188
613 2956
1781 3263
2731 3860
4535 4547
382 1675
1734 3806
2335 4343
3369 4273
96 1817
105 3557
1435 1833
2715 3860
3222 3660
553 2968
359 3992
1930 4389
916 3734
4260 4425
1547 3152
422 3590
1118 1862
513 1100
2841 3074
4900 4994
3942 4700
2623 3221
4361 4517
2200 2767
4679 4900
553 3259
3179 4451
1926 3877
439 2190
128 1570
4605 4735
1907 4531
3668 4308
4662 4921
4716 4854
3190 3419
1027 1387
305 3931
4629 4916
2633 4946
2553 3579
4569 4927
2020 3619
3604 4769
156 2283
1475 4408
3519 4286
637 2988
2628 4418
1939 4289
1510 4895
4687 4909
2274 2330
4308 4584
2232 4993
3860 4084
1086 4517
2957 4541
2590 3833
222 3427
1263 2633
3773 4623
2413 4099
2555 4718
1374 3258
2787 4300
1511 2099
4200 4824
3276 4951
3537 3569
4856 4875
1066 4531
987 2339
1429 4313
2870 4498
534 4178
2814 2947
2256 3566
456 3673
2067 3039
313 2438
1179 4689
3319 4770
3289 3848
2992 4055
962 3106
975 2883
199 2072
2780 4841
255 3481
1062 1715
4482 4563
735 3106
2367 4175
4683 4981
152 265
3149 3726
208 620
215 925
2688 4876
416 2070
1741 1852
3947 4167
2964 3310
2706 2767
1705 1993
4245 4514
3633 4448
3767 3848
2684 3247
3596 4395
1776 4316
608 1046
1551 3486
3859 4025
1570 4336
4995 4997
4406 4927
4662 4852
1805 2796
49 1728
1289 3253
2682 4513
3123 3952
2525 4862
3749 3794
1044 2262
2042 3525
660 1092
1098 1932
1802 3556
1031 2894
3020 3489
2064 2420
4722 4977
1970 2982
1596 2342
2367 3922
2826 2904
2354 3937
3128 3152
201 3291
475 3117
4735 4774
1737 2780
4097 4384
3437 4155
2532 4129
2138 4360
2535 2852
579 2740
3745 4351
907 4021
4810 4954
2772 2872
1078 4283
4830 4832
934 2646
4139 4583
458 4290
2271 3400
4581 4665
1051 3858
4513 4998
1186 2938
3196 3725
3729 4901
3306 4235
820 4621
262 1152
443 4047
394 1004
220 2270
3381 4335
3452 4875
727 4424
3168 4890
1402 2435
521 981
2744 3475
3077 3294
4886 4929
1619 2563
1305 2237
2928 4224
3691 4174
2130 2909
398 3087
1090 3653
1836 2040
2759 3989
63 2132
1540 4319
686 4162
1038 4424
567 4222
24 172
4651 4910
4801 4841
2139 3331
2528 2772
2716 3111
116 3693
3922 4743
2186 4380
630 1590
4039 4777
1566 1781
708 1159
4047 4831
627 2392
3032 4101
1302 1457
3989 4364
3173 4838
552 4302
1304 2885
4908 4949
4330 4696
570 2255
1289 2971
4490 4545
958 1148
2900 4319
4227 4874
2250 2954
4016 4288
281 4581
4578 4844
1517 2194
2215 3658
1147 2784
1971 4494
3616 4059
1960 4216
1580 3109
4843 4963
3253 3972
2189 4285
3321 3675
2849 4796
906 4167
2366 2734
538 4862
864 1205
1484 2686
1967 3690
921 4134
3242 4244
929 2975
3217 4656
2270 4518
3684 4619
4297 4329
3411 4937
4888 4938
891 3540
4821 4968
3775 4416
4979 4992
1724 3240
345 3784
3947 4558
4551 4957
1012 4429
38 2113
1306 2495
622 4062
1021 1832
4581 4824
2539 3408
3876 4616
2236 2348
4589 4886
1121 1156
4596 4972
2846 3991
3674 4576
4504 4512
1686 3914
42 4553
1542 4438
4365 4522
947 3050
3254 3676
496 3860
1662 3246
2051 4061
2539 3775
2946 4069
2954 3186
2344 4249
1835 2724
3357 4567
508 4452
1510 3371
850 2152
2569 3661
4600 4672
3288 4294
3064 3566
2442 2875
4451 4658
86 2767
291 2444
1150 3421
2788 3631
1019 4727
4314 4817
4389 4836
2427 2642
4346 4826
3369 3612
4228 4832
3697 4123
810 4976
4838 4967
794 2771
2153 3774
198 4911
4031 4600
3059 3326
3242 3922
3361 4820
1147 4463
4675 4859
366 1068
2013 4526
2569 4708
768 1337
843 2992
4677 4720
4303 4861
317 3469
2437 4857
3534 3997
810 1661
3378 3776
800 2055
1328 2932
1451 4564
2366 3892
212 3256
2602 3703
1538 2644
2083 2902
3552 4895
227 879
1908 3040
1024 1357
2777 3452
3149 4887
1987 3911
979 2278
4137 4932
1512 4008
2764 3704
6 4166
1245 3253
2079 2804
3998 4176
494 3386
2902 4274
2399 4109
4956 4998
3566 4856
4669 4877
3861 4483
3047 3563
3414 4384
1803 2892
1050 2918
1163 1629
2188 2603
1280 2892
2185 2270
4328 4816
3213 4477
1207 2610
3621 4256
2045 2776
2905 3307
2832 3199
4424 4613
1526 3834
24 4867
2282 4605
2278 2648
2624 4294
2315 3527
1052 3844
652 4342
1341 3259
3495 4007
2759 3386
2121 2998
2986 3975
2633 4114
4963 4992
1818 3544
3435 4962
2194 4725
4362 4416
2413 4346
2341 3618
134 1048
4631 4897
4603 4744
2014 2208
3856 4307
3095 4997
424 3447
2711 3968
18 1312
1498 3637
4275 4944
60 3142
1877 4549
4096 4147
394 1785
1941 2334
4838 4884
2963 3477
4686 4819
889 2211
532 1193
1429 3296
2519 2523
968 2326
3338 4206
1685 3838
53 2676
1437 3740
2736 3765
4451 4686
540 3041
23 1182
3061 3372
2306 2781
3418 3873
386 3445
1782 4524
3976 4037
4921 4943
1245 3587
1310 2035
4480 4511
3936 4449
4696 4813
3940 4289
990 3780
4061 4761
3186 3576
4498 4863
957 2969
2884 3667
3463 4878
1907 3341
2782 4509
3761 4136
825 1524
1011 1919
1561 2499
1745 3569
2598 4805
1612 3395
1349 2258
1882 3286
2703 4552
3160 3168
3729 4465
243 2021
3733 4186
3675 4121
993 2802
1297 4717
1652 2290
769 1061
4149 4168
2435 3702
2639 2936
293 3086
485 1032
2698 4940
777 4606
4562 4577
4302 4519
3352 3806
2690 3995
1399 4272
2187 3678
4914 4953
3058 4367
2937 3438
2298 3956
3932 4454
3475 3550
4804 4815
4254 4492
2519 4450
3870 4860
738 4170
1326 2137
586 4337
489 710
3229 4920
3876 4537
3779 4391
3290 4589
1682 3463
4862 4967
4033 4111
3998 4290
3309 4950
3467 3546
2700 3057
1207 2816
4839 4875
3053 3671
1785 1810
3536 3651
4385 4545
1522 3991
4262 4309
4527 4833
4409 4428
748 4898
3009 4256
102 2190
2701 3303
3686 4211
225 4492
2017 3749
4248 4543
3843 3925
500 2728
4217 4496
1684 3649
4124 4354
3077 3849
4838 4911
2957 4325
3397 4120
4914 4932
3921 4703
725 4202
4751 4793
233 3765
1359 3798
1135 4711
87 839
946 3884
4326 4866
4937 4984
2841 3903
2941 3833
4733 4784
3167 3440
2699 3159
4982 4984
3872 4924
3866 4880
625 2415
3807 4351
2691 4182
202 1244
4782 4855
4465 4920
4036 4588
1711 4942
90 2868
2957 3322
571 4030
4727 4760
3526 4464
3622 4125
1452 4292
4507 4637
2890 3398
4970 4981
2675 4068
769 3287
3264 3765
3357 3474
1163 1846
4296 4577
3320 3629
1098 1132
430 3578
286 2073
1662 3285
4635 4855
1575 1910
3241 3502
3608 4800
846 1344
2930 3327
4201 4832
1361 2261
3808 4996
1788 4799
3988 4170
1376 4453
4073 4898
376 2055
3492 4637
2972 3373
4552 4770
4661 4749
1747 4188
2236 4498
4518 4609
4429 4914
4452 4673
240 450
1672 1721
884 2865
606 4799
3883 4395
2091 3636
2464 3496
786 4048
4445 4486
4961 4989
4550 4649
1271 1589
2398 4822
4340 4389
4302 4394
1433 4164
2240 3616
544 1204
2747 2945
2491 3816
638 1624
4987 4997
505 4342
1735 1970
3869 4822
3479 4366
4110 4833
4644 4773
2706 2831
491 4207
2998 3901
3036 3258
4292 4422
2220 3761
1380 4680
1878 3500
1170 3176
4965 4979
816 2395
3397 3852
2278 4394
1680 2666
2523 2580
4568 4614
2997 4041
496 1751
2372 3765
2621 2856
1207 2996
2318 2612
2062 4324
3156 4969
544 2958
4871 4876
844 2780
1779 3643
3260 4884
4794 4850
3516 3618
2093 4364
975 2018
3529 4010
4303 4626
2519 2717
565 4219
2211 4249
3176 4286
4269 4396
4569 4802
3184 3297
4474 4603
3312 4322
4868 4882
1325 1620
4681 4842
2493 4537
133 403
1581 4818
4727 4955
330 3951
3611 4731
4498 4558
878 3408
1022 2637
865 4663
4334 4440
1065 3501
1410 2682
3959 4457
4847 4899
4005 4539
3367 4729
2307 3544
1790 2323
2525 3224
3127 3362
3886 4090
766 4678
299 1143
2125 2507
3332 4925
1411 4781
2016 4170
154 4548
4603 4826
896 1472
2707 4785
3868 4058
3927 4362
936 2034
4494 4912
3447 4516
3126 4838
1359 3630
1513 3114
259 2441
2433 4503
1472 2461
3307 4286
1146 3804
2630 3908
2935 3650
3095 4249
470 2159
2540 4926
2601 3521
4597 4881
2085 2701
1645 4211
1795 4942
2369 2401
3312 3773
3756 4127
1127 4559
635 3977
2238 2779
1274 4614
4067 4684
4502 4799
2511 3053
2579 4681
3814 4123
4142 4866
2990 4634
540 833
3875 4004
2097 2407
3277 3451
203 1616
1681 1726
4536 4744
2312 2373
3732 4351
4387 4903
4490 4819
4797 4832
3399 3806
4606 4662
1098 3614
2082 4967
1040 3448
732 4123
570 2025
379 1515
1153 3296
3210 4340
4655 4896
3430 4957
1835 2953
2467 3355
257 350
3844 4996
1903 4652
3451 4746
240 3368
3113 4624
3933 4575
1083 3089
1228 1989
1254 4179
3930 4706
2559 4326
3205 4492
3679 4444
728 4401
1896 4837
3708 4630
3595 3645
3476 3810
3284 4590
3233 3465
3142 3351
3671 4842
3448 4855
1604 1783
3484 3587
956 2648
4129 4266
3751 4497
2058 4032
2206 3141
2831 3917
805 1848
202 3692
2448 3847
1657 2540
198 1950
1659 4092
313 2599
3921 4984
4259 4478
3939 4849
2954 4027
4176 4204
1223 3750
3573 4653
4717 4878
3956 4338
524 2721
1805 4802
4885 4944
4882 4949
113 4751
4063 4197
3973 4885
3162 4979
346 1039
1267 3906
4793 4799
1978 4793
4506 4823
3168 3267
1278 3864
1224 3346
3603 4440
1923 2787
3763 4401
1363 4816
1237 2485
2665 3932
1260 2754
4705 4807
1753 3332
2716 4609
1547 4171
2717 3599
4352 4522
1748 1844
10 2236
2372 3329
4983 4999
3229 3561
3431 4871
2908 3912
1250 1707
906 3879
2102 4158
3596 4549
2189 3256
3201 4712
3536 4749
2282 2664
1185 1933
2208 3808
382 3634
1523 4666
2456 4767
3541 3756
1098 1757
544 2293
2419 4996
133 4266
1655 2063
2067 4299
4138 4462
3495 4441
1785 4894
442 3566
1063 1940
3999 4166
1626 2480
271 3019
2712 2781
1709 4250
602 3344
3295 4373
3594 3724
4004 4299
1644 2399
846 1363
846 2118
2145 3776
3795 4924
4829 4998
1722 2734
3300 3622
3498 4671
2101 4671
253 1503
2631 3350
2481 3887
1790 2954
2796 2880
3049 3212
3915 4060
2862 3271
1332 1998
2314 4953
1967 3569
3466 3762
3357 3398
4441 4637
3861 4494
4728 4852
1011 1353
2751 3793
819 2675
2520 4272
176 4743
1199 4654
465 493
4684 4857
2069 4427
2221 4984
1504 3337
748 4994
1765 4112
2204 3714
3216 3998
1741 2006
4826 4962
1699 4495
1470 4094
1195 2471
2936 4950
2183 4316
4509 4838
4456 4890
2216 2829
3268 4783
2601 3950
897 3195
1521 3984
3663 4333
4470 4626
146 932
2155 3866
2179 4309
4027 4635
1625 3244
3393 4624
418 1551
1343 4428
639 1314
243 3073
1827 4018
4074 4679
1505 3979
1160 4545
1844 4318
2459 3432
3318 3667
722 961
3686 4641
402 4303
3097 4530
662 2251
1834 4597
204 3492
155 3007
2619 3885
1659 4577
470 813
1559 4012
9 2296
3293 3901
4290 4768
2785 3512
3279 4077
3902 4170
4175 4758
3993 4667
3954 4087
3785 4784
3586 3776
1208 4472
3413 4363
978 1856
2516 4144
3393 4473
3353 3562
3019 4441
2670 4522
1281 3203
2994 3913
3852 4554
327 4660
4369 4491
3973 4829
3726 4924
617 2517
3168 4455
3829 4829
3574 4736
332 2252
2038 2962
2425 2781
3234 4559
960 2415
4095 4506
1372 1511
3030 3139
3052 3275
3600 3794
2216 3927
1971 4820
1995 2945
3956 4675
4218 4353
922 2795
1658 4209
3402 4505
4700 4764
1990 3520
4147 4407
3562 4209
947 1460
2840 4883
4019 4119
2150 3946
1763 2663
4238 4646
4184 4416
4864 4869
2594 2738
1955 4739
2221 4671
3884 4490
974 3938
4102 4773
4463 4558
3848 4608
2780 4853
2790 3785
1716 4001
4972 5000
3839 4890
3558 4875
4752 4970
2999 3930
4896 4952
1076 4047
2412 3184
2007 4071
1544 4572
4860 4870
1704 2371
682 3059
1118 4041
3063 3899
2479 3432
3581 4690
962 4196
2040 4478
58 3249
3788 4202
4514 4588
4205 4664
2548 2585
3039 4836
4558 4844
771 2172
754 4059
1399 4153
411 1311
1650 3460
370 4930
4761 4805
2691 3650
3700 4086
982 2595
2458 3393
2461 2637
4080 4632
3976 4131
4648 4663
3585 3892
1229 3644
4756 4887
3543 4822
719 3739
4703 4990
548 4692
4065 4951
1122 2333
4400 4417
1292 2212
4550 4776
3315 4788
1295 2023
3041 4655
4228 4263
4099 4724
3087 3263
4135 4754
1681 2243
506 3701
2991 4152
1316 1362
3245 4729
106 3497
2611 3593
3743 3986
1010 2478
4066 4492
747 3648
166 3605
1223 3402
4481 4533
1219 3161
1920 1990
4428 4719
3786 4171
4059 4298
3200 3572
3549 4259
2338 4141
3832 4198
2333 4880
4549 4655
3037 3117
4574 4912
3196 3715
2532 4657
2638 4226
1071 1622
4319 4873
1207 2839
3914 4305
2239 3639
4731 4750
4814 4903
1243 4516
2384 3246
4099 4385
4786 4957
